oktmo,name,regional,national,international
0,Ленобласть,0.11047803427600517,0.7102100998219216,0.17931186590207324
41603000,Бокситогорский муниципальный район,0.3264094955489614,0.2174650275540483,0.45612547689699023
41603101,Бокситогорское,0.20473537604456823,0.41086350974930363,0.38440111420612816
41603102,Пикалёвское,0.30097087378640774,0.47378640776699027,0.22524271844660193
41603155,Ефимовское,0.5313588850174216,0.21080139372822299,0.2578397212543554
41603412,Большедворское,0.39473684210526316,0.16165413533834586,0.44360902255639095
41603416,Борское,0.39050131926121373,0.22427440633245382,0.38522427440633245
41603434,Климовское,0.42857142857142855,0.24285714285714285,0.32857142857142857
41603460,Лидское,0.3143939393939394,0.24621212121212122,0.4393939393939394
41603472,Радогощинское,0.6956521739130435,0.22826086956521738,0.07608695652173914
41603476,Самойловское,0.2875,0.35,0.3625
41606000,Волосовский муниципальный район,0.17536407766990292,0.3003640776699029,0.5242718446601942
41606101,Волосовское,0.18461538461538463,0.545054945054945,0.2703296703296703
41606404,Бегуницкое,0.3761467889908257,0.2415902140672783,0.382262996941896
41606406,Беседское,0.25,0.5,0.25
41606408,Рабитицкое,0.32679738562091504,0.46405228758169936,0.20915032679738563
41606412,Большеврудское,0.3090909090909091,0.2787878787878788,0.4121212121212121
41606416,Губаницкое,0.2843601895734597,0.3033175355450237,0.41232227488151657
41606418,Изварское,0.2905405405405405,0.5135135135135135,0.19594594594594594
41606420,Калитинское,0.20655737704918034,0.419672131147541,0.3737704918032787
41606424,Каложицкое,0.33766233766233766,0.3246753246753247,0.33766233766233766
41606425,Кикеринское,0.125,0.3984375,0.4765625
41606428,Сельцовское,0.20809248554913296,0.5260115606936416,0.2658959537572254
41606430,Клопицкое,0.29457364341085274,0.24806201550387597,0.4573643410852713
41606432,Курское,0.2916666666666667,0.3055555555555556,0.4027777777777778
41606436,Сабское,0.38405797101449274,0.391304347826087,0.2246376811594203
41606444,Терпилицкое,0.3058823529411765,0.36470588235294116,0.32941176470588235
41606452,Зимитицкое,0.2840909090909091,0.4772727272727273,0.23863636363636365
41609000,Волховский муниципальный район,0.3341313269493844,0.41928864569083446,0.24658002735978113
41609101,Волховское,0.25392428439519854,0.5521698984302862,0.19390581717451524
41609104,Новоладожское,0.3213367609254499,0.5089974293059126,0.16966580976863754
41609108,Сясьстройское,0.4014251781472684,0.501187648456057,0.09738717339667459
41609403,Вындиноостровское,0.8,0.1,0.1
41609418,Иссадское,0.5974025974025974,0.35064935064935066,0.05194805194805195
41609427,Колчановское,0.25773195876288657,0.5979381443298969,0.14432989690721648
41609444,Пашское,0.36253776435045315,0.43202416918429004,0.2054380664652568
41609450,Потанинское,0.27586206896551724,0.5172413793103449,0.20689655172413793
41609453,Бережковское,0.5060240963855421,0.3373493975903614,0.1566265060240964
41609461,Селивановское,0.0851063829787234,0.7446808510638298,0.1702127659574468
41609462,Староладожское,0.5,0.4117647058823529,0.08823529411764706
41609465,Усадищенское,0.5128205128205128,0.23076923076923078,0.2564102564102564
41609468,Хваловское,0.5740740740740741,0.4074074074074074,0.018518518518518517
41609471,Кисельнинское,0.2978723404255319,0.1702127659574468,0.5319148936170213
41609480,Свирицкое,0.058823529411764705,0.7647058823529411,0.17647058823529413
41612000,Всеволожский муниципальный район,0.06269250704493867,0.8343530869640335,0.10295440599102776
41612101,Всеволожское,0.09129233900276203,0.6300334350923099,0.278674225904928
41612102,Сертоловское,0.05736460266576683,0.7707103087565379,0.17192508857769528
41612103,Муринское,0.05648725212464589,0.8435694050991501,0.09994334277620397
41612154,Дубровское,0.14580801944106925,0.637910085054678,0.21628189550425272
41612155,Заневское,0.07522036736100852,0.8526862658196681,0.07209336681932339
41612158,Кузьмоловское,0.08734602463605823,0.6696528555431132,0.24300111982082867
41612163,Морозовское,0.21411764705882352,0.4964705882352941,0.28941176470588237
41612167,Рахьинское,0.23563218390804597,0.4501915708812261,0.31417624521072796
41612168,Свердловское,0.048643994834266034,0.690055962117951,0.26130004304778304
41612175,Токсовское,0.13026819923371646,0.6832694763729247,0.18646232439335889
41612402,Бугровское,0.09638932496075353,0.7943485086342229,0.10926216640502355
41612408,Агалатовское,0.10024301336573511,0.7949574726609964,0.10479951397326853
41612412,Заневское,0.07451996342578482,0.8886010362694301,0.03687900030478513
41612416,Колтушское,0.06804172593646278,0.7318634423897582,0.20009483167377903
41612420,Куйвозовское,0.26254375729288215,0.4539089848308051,0.28354725787631274
41612424,Лесколовское,0.1475748194014448,0.6264189886480909,0.2260061919504644
41612428,Муринское,0.0734926604391605,0.8641999272109668,0.062307412349872617
41612442,Романовское,0.1132596685082873,0.6505524861878453,0.2361878453038674
41612448,Щегловское,0.18837535014005602,0.7009803921568627,0.11064425770308123
41612456,Юкковское,0.0709549071618037,0.7771883289124668,0.15185676392572944
41612458,Новодевяткинское,0.03507126781695424,0.8443360840210052,0.12059264816204052
41615000,Выборгский муниципальный район,0.4112122936824132,0.40836653386454186,0.18042117245304495
41615101,Выборгское,0.2234733650931139,0.6808142052836725,0.09571242962321351
41615104,Высоцкое,0.1836734693877551,0.7142857142857143,0.10204081632653061
41615106,Каменногорское,0.31496062992125984,0.6141732283464567,0.07086614173228346
41615108,Приморское,0.34140969162995594,0.4911894273127753,0.16740088105726872
41615114,Светогорское,0.2854368932038835,0.6038834951456311,0.11067961165048544
41615158,Рощинское,0.1345646437994723,0.5527704485488126,0.31266490765171506
41615163,Советское,0.34551495016611294,0.5714285714285714,0.08305647840531562
41615436,Красносельское,0.2979591836734694,0.5306122448979592,0.17142857142857143
41615460,Первомайское,0.08130841121495327,0.6766355140186916,0.24205607476635513
41615464,Полянское,0.12285012285012285,0.7452907452907452,0.13185913185913187
41615476,Селезнёвское,0.25853658536585367,0.6682926829268293,0.07317073170731707
41615492,Гончаровское,0.27071823204419887,0.48066298342541436,0.24861878453038674
41618000,Гатчинский муниципальный район,0.1465052575770964,0.525492621719537,0.3280021207033666
41618101,Гатчинское,0.10378474275576582,0.5198107628622117,0.37640449438202245
41618105,Коммунарское,0.09232954545454546,0.6839488636363636,0.2237215909090909
41618154,Вырицкое,0.16372202591283863,0.5936395759717314,0.24263839811542992
41618156,Дружногорское,0.31699346405228757,0.4150326797385621,0.2679738562091503
41618169,Сиверское,0.2585585585585586,0.48558558558558557,0.25585585585585585
41618176,Таицкое,0.17752100840336135,0.5661764705882353,0.25630252100840334
41618404,Пудомягское,0.20218579234972678,0.5901639344262295,0.20765027322404372
41618408,Большеколпанское,0.29043478260869565,0.5669565217391305,0.1426086956521739
41618416,Веревское,0.23555555555555555,0.4,0.36444444444444446
41618418,Войсковицкое,0.16755793226381463,0.5971479500891266,0.23529411764705882
41618424,Елизаветинское,0.18581907090464547,0.4572127139364303,0.3569682151589242
41618426,Кобринское,0.2560646900269542,0.37735849056603776,0.3665768194070081
41618444,Новосветское,0.15126050420168066,0.5277310924369748,0.32100840336134456
41618448,Пудостьское,0.13318284424379231,0.5993227990970654,0.26749435665914223
41618452,Рождественское,0.3081395348837209,0.4680232558139535,0.2238372093023256
41618460,Сусанинское,0.09935897435897435,0.6634615384615384,0.23717948717948717
41618461,Сяськелевское,0.15608465608465608,0.4074074074074074,0.4365079365079365
41621000,Кингисеппский муниципальный район,0.11643443405230006,0.2021378125596488,0.6814277533880512
41621101,Кингисеппское,0.2552552552552553,0.46846846846846846,0.27627627627627627
41621102,Ивангородское,0.0388283378746594,0.13419618528610355,0.8269754768392371
41621404,Большелуцкое,0.006746237675142709,0.034250129735339904,0.9590036325895174
41621412,Фалилеевское,0.23333333333333334,0.4666666666666667,0.3
41621420,Котельское,0.2558139534883721,0.5697674418604651,0.1744186046511628
41621428,Усть-Лужское,0.24812030075187969,0.6165413533834586,0.13533834586466165
41621432,Кузёмкинское,0.3402061855670103,0.4329896907216495,0.2268041237113402
41621440,Нежновское,0.23076923076923078,0.5384615384615384,0.23076923076923078
41621444,Опольевское,0.23618090452261306,0.5226130653266332,0.24120603015075376
41621448,Пустомержское,0.15763546798029557,0.3793103448275862,0.4630541871921182
41621452,Вистинское,0.18604651162790697,0.38372093023255816,0.43023255813953487
41624000,Киришский муниципальный район,0.17651854871585812,0.31104769669792093,0.512433754586221
41624101,Киришское,0.08304696449026346,0.2411225658648339,0.6758304696449027
41624152,Будогощское,0.48621553884711777,0.3659147869674185,0.14786967418546365
41624412,Глажевское,0.36585365853658536,0.27439024390243905,0.3597560975609756
41624423,Кусинское,0.2463768115942029,0.4927536231884058,0.2608695652173913
41624427,Пчевжинское,0.3333333333333333,0.2898550724637681,0.37681159420289856
41624428,Пчевское,0.24175824175824176,0.5054945054945055,0.25274725274725274
41625000,Кировский муниципальный район,0.07737226277372262,0.5303441084462982,0.39228362877997913
41625101,Кировское,0.2984144960362401,0.4405436013590034,0.2610419026047565
41625102,Шлиссельбургское,0.2230320699708455,0.3556851311953353,0.42128279883381925
41625104,Отрадненское,0.060240963855421686,0.42168674698795183,0.5180722891566265
41625154,Мгинское,0.27768595041322314,0.5322314049586777,0.19008264462809918
41625156,Назиевское,0.3485915492957746,0.31690140845070425,0.3345070422535211
41625158,Павловское,0.24274406332453827,0.38786279683377306,0.36939313984168864
41625160,Приладожское,0.49034749034749037,0.3783783783783784,0.13127413127413126
41625163,Синявинское,0.10259301014656144,0.17361894024802707,0.7237880496054115
41625440,Путиловское,0.4233128834355828,0.3803680981595092,0.19631901840490798
41625445,Суховское,0.38461538461538464,0.34615384615384615,0.2692307692307692
41625450,Шумское,0.40119760479041916,0.38323353293413176,0.2155688622754491
41627000,Лодейнопольский муниципальный район,0.2814122533748702,0.5046728971962616,0.21391484942886813
41627101,Лодейнопольское,0.14396887159533073,0.708171206225681,0.14785992217898833
41627154,Свирьстройское,0.6060606060606061,0.3333333333333333,0.06060606060606061
41627404,Алёховщинское,0.37623762376237624,0.3564356435643564,0.26732673267326734
41627410,Доможировское,0.38235294117647056,0.3088235294117647,0.3088235294117647
41627420,Янегское,0.2727272727272727,0.4577922077922078,0.2694805194805195
41630000,Ломоносовский муниципальный район,0.07990247300592128,0.7967955416231278,0.12330198537095088
41630152,Аннинское,0.10645339216767788,0.7796469939327082,0.1138996138996139
41630154,Большеижорское,0.20652173913043478,0.5652173913043478,0.22826086956521738
41630157,Виллозское,0.0975609756097561,0.7914634146341464,0.11097560975609756
41630162,Лебяженское,0.3389355742296919,0.5574229691876751,0.10364145658263306
41630404,Аннинское,0.10313216195569137,0.7944996180290298,0.10236822001527884
41630408,Низинское,0.05754614549402823,0.8208469055374593,0.12160694896851248
41630412,Пениковское,0.07839388145315487,0.7954110898661568,0.12619502868068833
41630416,Виллозское,0.05388471177944862,0.8370927318295739,0.10902255639097744
41630420,Гостилицкое,0.07180156657963446,0.8511749347258486,0.07702349869451697
41630424,Горбунковское,0.1675603217158177,0.6702412868632708,0.16219839142091153
41630428,Кипенское,0.13717693836978131,0.7176938369781312,0.14512922465208747
41630432,Копорское,0.3151515151515151,0.4484848484848485,0.23636363636363636
41630434,Лаголовское,0.1226158038147139,0.6158038147138964,0.2615803814713896
41630436,Лопухинское,0.2896174863387978,0.48633879781420764,0.22404371584699453
41630438,Оржицкое,0.1568627450980392,0.596078431372549,0.24705882352941178
41630440,Ропшинское,0.14709371293001186,0.7461447212336892,0.10676156583629894
41630444,Русско-Высоцкое,0.19444444444444445,0.6435185185185185,0.16203703703703703
41633000,Лужский муниципальный район,0.3224821973550356,0.38521532722956936,0.29230247541539506
41633101,Лужское,0.23376623376623376,0.5395513577331759,0.22668240850059032
41633154,Толмачёвское,0.4440894568690096,0.31309904153354634,0.24281150159744408
41633408,Володарское,0.3402777777777778,0.5,0.1597222222222222
41633416,Волошовское,0.375886524822695,0.3900709219858156,0.23404255319148937
41633420,Дзержинское,0.25308641975308643,0.35802469135802467,0.3888888888888889
41633436,Заклинское,0.3103448275862069,0.4103448275862069,0.2793103448275862
41633440,Мшинское,0.2336065573770492,0.26229508196721313,0.5040983606557377
41633444,Оредежское,0.26666666666666666,0.5623188405797102,0.17101449275362318
41633448,Осьминское,0.26170798898071623,0.5371900826446281,0.20110192837465565
41633456,Ям-Тёсовское,0.2863849765258216,0.5727699530516432,0.14084507042253522
41633464,Серебрянское,0.27014218009478674,0.4312796208530806,0.2985781990521327
41633468,Скребловское,0.27672955974842767,0.4779874213836478,0.24528301886792453
41633472,Тесовское,0.3333333333333333,0.36507936507936506,0.30158730158730157
41633478,Торковичское,0.3974358974358974,0.48717948717948717,0.11538461538461539
41633488,Ретюнское,0.36585365853658536,0.2845528455284553,0.34959349593495936
41636000,Подпорожский муниципальный район,0.28898426323319026,0.6244635193133047,0.08655221745350501
41636101,Подпорожское,0.19034482758620688,0.6868965517241379,0.12275862068965518
41636154,Важинское,0.4532871972318339,0.43944636678200694,0.10726643598615918
41636158,Вознесенское,0.3505747126436782,0.5517241379310345,0.09770114942528736
41636163,Никольское,0.3532608695652174,0.4673913043478261,0.1793478260869565
41636404,Винницкое,0.5136363636363637,0.4090909090909091,0.07727272727272727
41639000,Приозерский муниципальный район,0.32971938775510207,0.32748724489795916,0.34279336734693877
41639101,Приозерское,0.21957040572792363,0.40970564836913287,0.3707239459029435
41639154,Кузнечнинское,0.38480392156862747,0.19852941176470587,0.4166666666666667
41639404,Севастьяновское,0.41379310344827586,0.3275862068965517,0.25862068965517243
41639408,Раздольевское,0.2962962962962963,0.3333333333333333,0.37037037037037035
41639412,Громовское,0.3277777777777778,0.4388888888888889,0.23333333333333334
41639416,Запорожское,0.2198952879581152,0.5863874345549738,0.193717277486911
41639420,Красноозёрное,0.22077922077922077,0.474025974025974,0.3051948051948052
41639424,Ларионовское,0.3825,0.48,0.1375
41639428,Мельниковское,0.226890756302521,0.23949579831932774,0.5336134453781513
41639432,Мичуринское,0.348993288590604,0.3087248322147651,0.3422818791946309
41639434,Ромашкинское,0.47555555555555556,0.3244444444444444,0.2
41639436,Плодовское,0.4020618556701031,0.36597938144329895,0.23195876288659795
41639440,Петровское,0.30434782608695654,0.5,0.1956521739130435
41639444,Сосновское,0.14267015706806283,0.331151832460733,0.5261780104712042
41642000,Сланцевский муниципальный район,0.21984,0.12096,0.6592
41642101,Сланцевское,0.1193004372267333,0.17301686445971268,0.707682698313554
41642404,Выскатское,0.3465909090909091,0.17045454545454544,0.48295454545454547
41642408,Загривское,0.4065934065934066,0.34065934065934067,0.25274725274725274
41642420,Новосельское,0.23745173745173745,0.1525096525096525,0.61003861003861
41642424,Гостицкое,0.30357142857142855,0.4166666666666667,0.27976190476190477
41642436,Старопольское,0.3065134099616858,0.1724137931034483,0.5210727969348659
41642440,Черновское,0.36923076923076925,0.27692307692307694,0.35384615384615387
41645000,Тихвинский муниципальный район,0.24483516483516485,0.13186813186813187,0.6232967032967033
41645101,Тихвинское,0.17992320351069666,0.13823368074602305,0.6818431157432803
41645408,Мелегежское,0.3787878787878788,0.2727272727272727,0.3484848484848485
41645410,Борское,0.5531914893617021,0.2978723404255319,0.14893617021276595
41645412,Ганьковское,0.37410071942446044,0.4748201438848921,0.1510791366906475
41645416,Горское,0.4,0.4,0.2
41645432,Цвылёвское,0.5,0.27702702702702703,0.22297297297297297
41645456,Пашозерское,0.24324324324324326,0.2702702702702703,0.4864864864864865
41645472,Коськовское,0.2894736842105263,0.40789473684210525,0.3026315789473684
41645477,Шугозерское,0.4557522123893805,0.3185840707964602,0.22566371681415928
41648000,Тосненский муниципальный район,0.13607976333954203,0.3873123698915306,0.47660786676892736
41648101,Тосненское,0.1335061568373299,0.4086195722618276,0.45787427090084254
41648105,Любанское,0.203125,0.3861607142857143,0.4107142857142857
41648108,Никольское,0.12274368231046931,0.6636582430806257,0.21359807460890493
41648154,Красноборское,0.1556420233463035,0.6575875486381323,0.1867704280155642
41648160,Рябовское,0.3225806451612903,0.45622119815668205,0.22119815668202766
41648164,Ульяновское,0.24242424242424243,0.5194805194805194,0.23809523809523808
41648165,Фёдоровское,0.08686868686868687,0.6747474747474748,0.2383838383838384
41648170,Форносовское,0.21851851851851853,0.6296296296296297,0.15185185185185185
41648418,Нурминское,0.2109090909090909,0.64,0.14909090909090908
41648430,Лисинское,0.39606126914660833,0.45295404814004375,0.15098468271334792
41648443,Тельмановское,0.0562685093780849,0.31638696939782823,0.6273445212240869
41648444,Трубникоборское,0.2857142857142857,0.515527950310559,0.19875776397515527
41648452,Федоровское,0.04365620736698499,0.4256480218281037,0.5306957708049114
41648464,Шапкинское,0.38095238095238093,0.38095238095238093,0.23809523809523808
