oktmo,name,gender,year,0-4,5-9,10-14,15-19,20-24,25-29,30-34,35-39,40-44,45-49,50-54,55-59,60-64,65-69
19730000,город Череповец,female,2011,0.0578,0.0499,0.0409,0.0455,0.07733,0.0934,0.0882,0.0793,0.0654,0.0758,0.149,0.0793,0.0659,0.03214
19730000,город Череповец,male,2011,0.06995,0.06027,0.05023,0.05774,0.0869,0.10486,0.09454,0.0841,0.0679,0.07227,0.12195,0.06244,0.04785,0.01903
29602000,Бабынинский муниципальный район,female,2011,0.05548,0.04834,0.0526,0.05844,0.08435,0.0717,0.067,0.0678,0.077,0.0875,0.15,0.07715,0.0643,0.03833
29602000,Бабынинский муниципальный район,male,2011,0.0598,0.04947,0.05252,0.0672,0.10126,0.08905,0.0698,0.0701,0.07635,0.0905,0.1368,0.06464,0.0501,0.02226
29604000,Барятинский муниципальный район,female,2011,0.05457,0.04828,0.05527,0.0682,0.0829,0.0843,0.0661,0.06647,0.0591,0.07623,0.1564,0.0794,0.06192,0.04092
29604000,Барятинский муниципальный район,male,2011,0.0583,0.04938,0.05313,0.05484,0.0761,0.085,0.0836,0.0823,0.0737,0.08636,0.1543,0.0693,0.05588,0.01782
29606000,Боровский муниципальный район,female,2011,0.05182,0.04752,0.04324,0.04907,0.0815,0.08594,0.07916,0.0772,0.06744,0.078,0.1495,0.08167,0.07007,0.03784
29606000,Боровский муниципальный район,male,2011,0.05588,0.0515,0.04477,0.06604,0.11395,0.0991,0.0919,0.08124,0.0735,0.07526,0.11597,0.0588,0.0498,0.0222
29608000,Дзержинский муниципальный район,female,2011,0.05093,0.049,0.0402,0.04984,0.0781,0.0859,0.0751,0.06696,0.05923,0.0826,0.1719,0.08826,0.0633,0.0388
29608000,Дзержинский муниципальный район,male,2011,0.05496,0.04874,0.0458,0.05225,0.0862,0.1039,0.09515,0.07666,0.0659,0.08044,0.1459,0.07434,0.04996,0.01988
29610000,Думиничский муниципальный район,female,2011,0.0497,0.0475,0.04636,0.0476,0.07025,0.07245,0.0721,0.07135,0.0648,0.0825,0.1722,0.0916,0.07556,0.03604
29610000,Думиничский муниципальный район,male,2011,0.05435,0.05072,0.05392,0.06476,0.09235,0.0754,0.07623,0.07263,0.07056,0.08075,0.1501,0.0777,0.0603,0.0203
29612000,Жиздринский муниципальный район,female,2011,0.0559,0.0559,0.0521,0.0553,0.0742,0.06354,0.0696,0.06696,0.077,0.07623,0.1519,0.08527,0.0734,0.04282
29612000,Жиздринский муниципальный район,male,2011,0.0679,0.053,0.05927,0.06033,0.0776,0.0707,0.0666,0.07825,0.0733,0.0862,0.1558,0.07825,0.05194,0.0209
29613000,Жуковский муниципальный район,female,2011,0.05432,0.04974,0.04102,0.04785,0.0808,0.08716,0.0756,0.06726,0.0634,0.0841,0.1605,0.0855,0.0636,0.039
29613000,Жуковский муниципальный район,male,2011,0.06018,0.0537,0.05048,0.0545,0.09265,0.09894,0.0847,0.0707,0.06586,0.07684,0.1425,0.0747,0.049,0.02528
29614000,Кировский муниципальный район,female,2011,0.05206,0.0489,0.04514,0.04526,0.0748,0.0764,0.0794,0.0772,0.07,0.0892,0.1636,0.07996,0.0648,0.03333
29614000,Кировский муниципальный район,male,2011,0.05856,0.05624,0.0539,0.0598,0.09454,0.08264,0.0765,0.0743,0.0741,0.0847,0.1462,0.0704,0.04672,0.02138
29615000,Износковский муниципальный район,female,2011,0.05234,0.05106,0.0491,0.06003,0.09436,0.07513,0.06775,0.0713,0.0719,0.08026,0.141,0.07385,0.0655,0.04654
29615000,Износковский муниципальный район,male,2011,0.05826,0.055,0.04782,0.06085,0.084,0.08136,0.0729,0.0752,0.0762,0.09143,0.1461,0.07385,0.05045,0.02669
29616000,Козельский муниципальный район,female,2011,0.05664,0.0489,0.04608,0.04984,0.07117,0.07227,0.0709,0.06757,0.067,0.08276,0.169,0.08905,0.0687,0.04007
29616000,Козельский муниципальный район,male,2011,0.05618,0.05347,0.05176,0.07556,0.119,0.0854,0.07166,0.0688,0.06433,0.07184,0.1421,0.0698,0.04883,0.02129
29618000,Куйбышевский муниципальный район,female,2011,0.0464,0.0406,0.05356,0.05246,0.0751,0.0624,0.05936,0.0723,0.0801,0.0814,0.1696,0.0903,0.0687,0.04776
29618000,Куйбышевский муниципальный район,male,2011,0.0535,0.04477,0.04623,0.05988,0.0823,0.08167,0.0779,0.06976,0.0767,0.0811,0.1608,0.0875,0.05087,0.02704
29620000,Людиновский муниципальный район,female,2011,0.05496,0.04578,0.04202,0.0514,0.07166,0.07697,0.0778,0.074,0.06586,0.08374,0.1705,0.08844,0.067,0.02982
29620000,Людиновский муниципальный район,male,2011,0.066,0.0556,0.05188,0.0564,0.08545,0.08765,0.0847,0.0763,0.0692,0.08057,0.1439,0.0713,0.0536,0.01733
29623000,Малоярославецкий муниципальный район,female,2011,0.0574,0.0518,0.04926,0.0534,0.0763,0.07904,0.07764,0.0704,0.06198,0.07715,0.1517,0.08344,0.0719,0.0385
29623000,Малоярославецкий муниципальный район,male,2011,0.06647,0.0551,0.05573,0.06165,0.0837,0.09283,0.0864,0.07806,0.0671,0.0732,0.1316,0.0704,0.05447,0.02345
29625000,Медынский муниципальный район,female,2011,0.0575,0.04947,0.0482,0.0491,0.0679,0.07227,0.07117,0.06915,0.0637,0.0787,0.1625,0.08777,0.0796,0.04306
29625000,Медынский муниципальный район,male,2011,0.0449,0.04297,0.03552,0.04254,0.11127,0.1136,0.10046,0.0785,0.0731,0.0826,0.1337,0.0665,0.05307,0.02135
29627000,Мещовский муниципальный район,female,2011,0.05704,0.05002,0.04947,0.0563,0.0795,0.0775,0.07214,0.068,0.0712,0.08075,0.1477,0.08203,0.06384,0.04443
29627000,Мещовский муниципальный район,male,2011,0.05753,0.05267,0.0523,0.05032,0.08606,0.09106,0.0893,0.0853,0.0799,0.0929,0.1321,0.0606,0.04727,0.02272
29629000,Мосальский муниципальный район,female,2011,0.0525,0.0434,0.05173,0.05615,0.0807,0.06107,0.0618,0.0745,0.07874,0.0792,0.1589,0.0792,0.076,0.0461
29629000,Мосальский муниципальный район,male,2011,0.05313,0.05087,0.05136,0.064,0.0782,0.07794,0.07007,0.0645,0.07263,0.10175,0.1589,0.0663,0.05743,0.0329
29632000,Перемышльский муниципальный район,female,2011,0.05255,0.04062,0.0447,0.0529,0.07947,0.07446,0.0683,0.0741,0.064,0.0842,0.1566,0.08673,0.0719,0.0494
29632000,Перемышльский муниципальный район,male,2011,0.05368,0.0403,0.0437,0.062,0.0843,0.09064,0.076,0.07355,0.0685,0.08093,0.1565,0.0797,0.0637,0.02661
29634000,Спас-Деменский муниципальный район,female,2011,0.04645,0.04218,0.04272,0.04913,0.0732,0.067,0.0681,0.0689,0.07025,0.08813,0.1711,0.08734,0.0694,0.05606
29634000,Спас-Деменский муниципальный район,male,2011,0.0509,0.04465,0.0472,0.05914,0.09894,0.08215,0.06256,0.06287,0.0785,0.0904,0.1647,0.077,0.05942,0.0216
29636000,Сухиничский муниципальный район,female,2011,0.0529,0.04135,0.044,0.05032,0.0734,0.06824,0.07294,0.07654,0.0664,0.0795,0.163,0.0856,0.081,0.04477
29636000,Сухиничский муниципальный район,male,2011,0.05673,0.0455,0.04626,0.06213,0.1077,0.0962,0.0775,0.0786,0.068,0.0767,0.1373,0.06696,0.05365,0.02669
29638000,Тарусский муниципальный район,female,2011,0.04825,0.05365,0.0395,0.0474,0.07715,0.0776,0.072,0.06018,0.06366,0.0863,0.1631,0.0878,0.07837,0.04504
29638000,Тарусский муниципальный район,male,2011,0.05942,0.0507,0.04507,0.05734,0.09314,0.0865,0.085,0.0612,0.0662,0.07214,0.1533,0.0819,0.05884,0.02927
29642000,Ульяновский муниципальный район,female,2011,0.0487,0.0473,0.05585,0.05212,0.07263,0.0769,0.0704,0.06726,0.06866,0.07635,0.1602,0.08435,0.0812,0.03818
29642000,Ульяновский муниципальный район,male,2011,0.05087,0.05295,0.0673,0.05896,0.073,0.0898,0.0673,0.0706,0.0754,0.0856,0.1583,0.0733,0.05954,0.01706
29644000,Ферзиковский муниципальный район,female,2011,0.058,0.05075,0.04404,0.05588,0.0863,0.07916,0.07294,0.0662,0.0672,0.0747,0.1515,0.0805,0.0755,0.0373
29644000,Ферзиковский муниципальный район,male,2011,0.06186,0.05927,0.05063,0.0568,0.09076,0.092,0.0809,0.0758,0.0642,0.0757,0.1401,0.0713,0.05597,0.02477
29646000,Хвастовичский муниципальный район,female,2011,0.06232,0.04935,0.04935,0.0637,0.08636,0.0691,0.06537,0.06683,0.0802,0.08203,0.1489,0.07544,0.06354,0.0374
29646000,Хвастовичский муниципальный район,male,2011,0.06586,0.0511,0.06305,0.06305,0.0829,0.0628,0.06665,0.06995,0.0786,0.1013,0.1522,0.0723,0.04944,0.02068
29650000,Юхновский муниципальный район,female,2011,0.05075,0.0497,0.04562,0.0429,0.06537,0.0765,0.0722,0.0698,0.0644,0.0903,0.1707,0.0839,0.0707,0.04733
29650000,Юхновский муниципальный район,male,2011,0.05307,0.05273,0.04916,0.05484,0.0854,0.0891,0.0815,0.0786,0.06586,0.0879,0.1492,0.0744,0.05325,0.02502
29701000,город Калуга,female,2011,0.04218,0.0384,0.03265,0.05005,0.07996,0.08,0.07526,0.07306,0.0662,0.0807,0.1697,0.09216,0.0788,0.0409
29701000,город Калуга,male,2011,0.05286,0.0458,0.04047,0.05722,0.091,0.0943,0.085,0.0773,0.0681,0.0776,0.1444,0.07654,0.06244,0.02696
29715000,город Обнинск,female,2011,0.047,0.0422,0.03732,0.04938,0.0819,0.0809,0.0724,0.071,0.0716,0.0905,0.1542,0.0812,0.07654,0.04388
29715000,город Обнинск,male,2011,0.05347,0.0497,0.04477,0.0597,0.0972,0.09656,0.08026,0.0749,0.0712,0.0843,0.1322,0.06555,0.0588,0.0314
47605000,Кольский муниципальный район,female,2011,0.05212,0.04935,0.04474,0.04593,0.07086,0.07806,0.0739,0.0766,0.0667,0.0836,0.1667,0.0915,0.0651,0.0347
47605000,Кольский муниципальный район,male,2011,0.0504,0.04968,0.04248,0.0528,0.0897,0.10364,0.10913,0.095,0.078,0.08057,0.1295,0.0656,0.03772,0.01573
47608000,Кандалакшский муниципальный район,female,2011,0.04987,0.05035,0.04453,0.03995,0.0576,0.07416,0.0758,0.07764,0.06696,0.07904,0.1796,0.1017,0.0675,0.03534
47608000,Кандалакшский муниципальный район,male,2011,0.05826,0.05765,0.05014,0.05103,0.08093,0.0943,0.0892,0.08344,0.07416,0.07635,0.1407,0.0754,0.0489,0.01967
47610000,Ловозерский муниципальный район,female,2011,0.05457,0.04935,0.0531,0.04178,0.05402,0.0648,0.0666,0.076,0.06195,0.07904,0.1847,0.1073,0.076,0.03079
47610000,Ловозерский муниципальный район,male,2011,0.04855,0.04178,0.04822,0.04837,0.081,0.1089,0.11475,0.1017,0.0733,0.0753,0.133,0.06934,0.0424,0.0134
47615000,Печенгский муниципальный район,female,2011,0.06635,0.0574,0.0482,0.03824,0.0704,0.0874,0.0863,0.0864,0.07184,0.0851,0.142,0.07227,0.05768,0.03062
47615000,Печенгский муниципальный район,male,2011,0.05887,0.04807,0.04172,0.11017,0.1857,0.1004,0.0784,0.0768,0.066,0.06445,0.0912,0.04105,0.02628,0.01092
47620000,Терский муниципальный район,female,2011,0.05298,0.0514,0.04214,0.04468,0.0428,0.04022,0.0616,0.0702,0.0673,0.0881,0.2042,0.1127,0.08716,0.0345
47620000,Терский муниципальный район,male,2011,0.0565,0.04425,0.05118,0.04556,0.06537,0.0591,0.0674,0.07,0.0759,0.09216,0.182,0.10004,0.0704,0.02014
47703000,Ковдорский район,female,2011,0.047,0.04733,0.04938,0.0416,0.0517,0.06995,0.0766,0.0754,0.0634,0.0766,0.1912,0.10126,0.0715,0.03723
47703000,Ковдорский район,male,2011,0.05832,0.053,0.05362,0.04782,0.0719,0.08984,0.086,0.0783,0.0739,0.0774,0.1522,0.08246,0.0534,0.02177
47705000,город Апатиты,female,2011,0.0488,0.0466,0.0404,0.05048,0.07837,0.0762,0.0738,0.0715,0.0655,0.0768,0.1664,0.0931,0.0739,0.03833
47705000,город Апатиты,male,2011,0.0608,0.0529,0.04947,0.05743,0.0932,0.0925,0.0827,0.07715,0.073,0.08124,0.1356,0.0705,0.05127,0.02225
47712000,город Кировск,female,2011,0.04962,0.04507,0.0425,0.0442,0.0665,0.07526,0.0704,0.07324,0.07416,0.0841,0.1682,0.0926,0.0759,0.0382
47712000,город Кировск,male,2011,0.06213,0.05765,0.05264,0.05643,0.08746,0.08844,0.0806,0.07605,0.0736,0.08344,0.1384,0.07196,0.0472,0.02403
47715000,город Мончегорск,female,2011,0.0502,0.04865,0.05008,0.04236,0.0561,0.0755,0.08545,0.0774,0.06775,0.08685,0.1733,0.093,0.0648,0.02844
47715000,город Мончегорск,male,2011,0.05875,0.06052,0.0565,0.06445,0.08026,0.08594,0.0901,0.0813,0.0679,0.0842,0.1414,0.0706,0.04413,0.01398
47717000,город Оленегорск,female,2011,0.0555,0.0573,0.0499,0.04315,0.0671,0.07886,0.0843,0.0798,0.0696,0.08545,0.1553,0.0816,0.06207,0.0301
47717000,город Оленегорск,male,2011,0.06143,0.05502,0.05252,0.0678,0.1301,0.09125,0.0902,0.085,0.0679,0.0781,0.11346,0.05618,0.0363,0.01461
47719000,город Полярные Зори,female,2011,0.05228,0.0516,0.0475,0.03955,0.05292,0.0762,0.0851,0.0883,0.06335,0.08575,0.1604,0.0914,0.0769,0.0288
47719000,город Полярные Зори,male,2011,0.0689,0.0583,0.05267,0.04507,0.06647,0.09357,0.0939,0.10126,0.0703,0.07764,0.1296,0.0696,0.0528,0.01997
60601000,Азовский муниципальный район,female,2011,0.05853,0.05573,0.04874,0.05972,0.08136,0.08484,0.07263,0.0668,0.0632,0.0831,0.1488,0.0782,0.05832,0.03998
60601000,Азовский муниципальный район,male,2011,0.0659,0.0623,0.05478,0.0642,0.0875,0.0956,0.0778,0.0698,0.06604,0.0776,0.1364,0.07245,0.045,0.02454
60602000,Аксайский муниципальный район,female,2011,0.05603,0.04944,0.04584,0.05362,0.0857,0.0912,0.08185,0.07245,0.06885,0.08044,0.1405,0.07434,0.063,0.03674
60602000,Аксайский муниципальный район,male,2011,0.05917,0.05176,0.0487,0.0694,0.11456,0.093,0.0829,0.0732,0.0704,0.0784,0.12354,0.0641,0.0487,0.02223
60605000,Багаевский муниципальный район,female,2011,0.06396,0.0555,0.05762,0.06082,0.0774,0.07,0.06854,0.07104,0.0682,0.0848,0.1469,0.0762,0.05945,0.03976
60605000,Багаевский муниципальный район,male,2011,0.07324,0.0619,0.05878,0.06213,0.0841,0.0823,0.0688,0.0732,0.0689,0.08734,0.137,0.06946,0.04883,0.0241
60606000,Белокалитвинский муниципальный район,female,2011,0.05542,0.04724,0.0443,0.04932,0.0656,0.07623,0.07324,0.06854,0.0651,0.0809,0.1682,0.09,0.0771,0.0387
60606000,Белокалитвинский муниципальный район,male,2011,0.0619,0.05612,0.0508,0.0566,0.07477,0.08636,0.07574,0.0712,0.06635,0.0785,0.1537,0.0797,0.06256,0.0257
60607000,Боковский муниципальный район,female,2011,0.05972,0.05252,0.04974,0.05792,0.0781,0.0768,0.0679,0.06635,0.0662,0.09467,0.154,0.0815,0.05972,0.0348
60607000,Боковский муниципальный район,male,2011,0.06647,0.0587,0.05365,0.0591,0.0828,0.0859,0.07104,0.0686,0.06744,0.08875,0.1431,0.0758,0.05292,0.02574
60608000,Верхнедонской муниципальный район,female,2011,0.05002,0.04834,0.04938,0.05548,0.0672,0.0719,0.0636,0.0687,0.0717,0.08405,0.1704,0.08856,0.0696,0.04105
60608000,Верхнедонской муниципальный район,male,2011,0.05054,0.0523,0.0521,0.0584,0.076,0.0843,0.07184,0.07,0.07513,0.0879,0.1543,0.0782,0.06006,0.02904
60609000,Веселовский муниципальный район,female,2011,0.05887,0.05383,0.0516,0.0558,0.0795,0.0787,0.07,0.07227,0.073,0.0858,0.147,0.07635,0.0593,0.03806
60609000,Веселовский муниципальный район,male,2011,0.0657,0.06,0.05405,0.05435,0.092,0.08954,0.0793,0.0761,0.0741,0.0808,0.1389,0.0684,0.04446,0.02238
60612000,Волгодонской муниципальный район,female,2011,0.06616,0.05722,0.05316,0.0645,0.0863,0.0844,0.0727,0.0696,0.0647,0.0734,0.1368,0.0722,0.06165,0.03702
60612000,Волгодонской муниципальный район,male,2011,0.07074,0.0656,0.06125,0.06604,0.0837,0.08984,0.07794,0.0733,0.0663,0.0768,0.1288,0.0658,0.05075,0.02315
60613000,Дубовский муниципальный район,female,2011,0.06494,0.0572,0.05792,0.05655,0.0778,0.0826,0.07336,0.06976,0.06635,0.08496,0.144,0.07794,0.0516,0.03497
60613000,Дубовский муниципальный район,male,2011,0.0692,0.06088,0.0703,0.05573,0.0831,0.08484,0.07544,0.067,0.0674,0.0814,0.1432,0.073,0.04813,0.02026
60615000,Егорлыкский муниципальный район,female,2011,0.06274,0.0564,0.0539,0.05588,0.0758,0.0823,0.0696,0.0734,0.07074,0.085,0.1411,0.0733,0.05963,0.04022
60615000,Егорлыкский муниципальный район,male,2011,0.0708,0.0617,0.05954,0.06165,0.0816,0.09015,0.0717,0.0726,0.0704,0.08887,0.1344,0.0657,0.04767,0.02324
60617000,Заветинский муниципальный район,female,2011,0.05817,0.05423,0.04834,0.06125,0.1032,0.08813,0.0692,0.0629,0.0714,0.0873,0.147,0.07007,0.0475,0.03128
60617000,Заветинский муниципальный район,male,2011,0.05765,0.05457,0.05347,0.06186,0.0933,0.0976,0.0755,0.06323,0.06757,0.08417,0.1533,0.07684,0.04193,0.01906
60618000,Зерноградский муниципальный район,female,2011,0.05426,0.05185,0.05167,0.0629,0.0773,0.0694,0.0698,0.0692,0.0665,0.08765,0.1494,0.0812,0.0668,0.04205
60618000,Зерноградский муниципальный район,male,2011,0.0647,0.0591,0.05502,0.08344,0.0962,0.0786,0.0687,0.064,0.06415,0.0847,0.134,0.0687,0.0525,0.02608
60619000,Зимовниковский муниципальный район,female,2011,0.0672,0.0629,0.0578,0.0719,0.0811,0.07697,0.0737,0.06976,0.0597,0.0753,0.1381,0.075,0.0545,0.03607
60619000,Зимовниковский муниципальный район,male,2011,0.0719,0.0638,0.06464,0.07135,0.08124,0.0816,0.0725,0.07306,0.0678,0.08136,0.1299,0.07117,0.04654,0.02318
60622000,Кагальницкий муниципальный район,female,2011,0.06018,0.05606,0.05374,0.05667,0.07574,0.07385,0.07404,0.0708,0.06744,0.08514,0.1477,0.07806,0.0608,0.0398
60622000,Кагальницкий муниципальный район,male,2011,0.0665,0.0612,0.05936,0.0614,0.08185,0.0834,0.0769,0.0739,0.067,0.0851,0.1387,0.0708,0.04883,0.0252
60623000,Каменский муниципальный район,female,2011,0.05203,0.04953,0.0441,0.05356,0.0714,0.0759,0.06854,0.06757,0.065,0.08466,0.1654,0.0859,0.07336,0.04294
60623000,Каменский муниципальный район,male,2011,0.05978,0.05765,0.0517,0.058,0.08325,0.0781,0.07385,0.0666,0.065,0.0862,0.1547,0.0771,0.06006,0.02808
60624000,Кашарский муниципальный район,female,2011,0.04782,0.0492,0.0464,0.06226,0.08777,0.0758,0.06573,0.0667,0.0727,0.091,0.148,0.0766,0.0649,0.0452
60624000,Кашарский муниципальный район,male,2011,0.05496,0.05157,0.05576,0.05792,0.0936,0.08746,0.0645,0.0682,0.07214,0.09534,0.1498,0.0699,0.05383,0.02484
60625000,Константиновский муниципальный район,female,2011,0.0574,0.05142,0.057,0.071,0.0686,0.0671,0.0682,0.0754,0.0677,0.0831,0.1505,0.08215,0.06177,0.03867
60625000,Константиновский муниципальный район,male,2011,0.0622,0.05588,0.05722,0.06726,0.0763,0.0871,0.0805,0.07983,0.06976,0.08264,0.1382,0.0708,0.0507,0.02165
60626000,Красносулинский муниципальный район,female,2011,0.05276,0.04993,0.0515,0.0523,0.07336,0.07635,0.0704,0.07214,0.0659,0.0804,0.1586,0.0835,0.07,0.04288
60626000,Красносулинский муниципальный район,male,2011,0.0586,0.05692,0.05447,0.05756,0.0805,0.0847,0.07697,0.0717,0.07117,0.07855,0.1477,0.0742,0.05832,0.02866
60627000,Куйбышевский муниципальный район,female,2011,0.05612,0.04938,0.04938,0.04504,0.07263,0.0803,0.07275,0.0705,0.07263,0.08496,0.1614,0.0848,0.0652,0.03497
60627000,Куйбышевский муниципальный район,male,2011,0.06305,0.0518,0.05392,0.04715,0.0782,0.08856,0.0748,0.0688,0.06995,0.0854,0.1512,0.08,0.06143,0.02567
60630000,Мартыновский муниципальный район,female,2011,0.07074,0.0694,0.0657,0.0566,0.0721,0.0742,0.0685,0.0694,0.0711,0.08545,0.135,0.0708,0.05496,0.03616
60630000,Мартыновский муниципальный район,male,2011,0.0794,0.07654,0.07306,0.05875,0.07935,0.07654,0.0713,0.0702,0.0718,0.08545,0.1298,0.06134,0.04138,0.02516
60631000,Матвеево-Курганский муниципальный район,female,2011,0.05713,0.05246,0.05197,0.0568,0.0779,0.0765,0.06696,0.07135,0.06976,0.0846,0.1489,0.0792,0.06537,0.04117
60631000,Матвеево-Курганский муниципальный район,male,2011,0.06604,0.05673,0.05887,0.0633,0.0829,0.08093,0.07605,0.069,0.0709,0.0855,0.1388,0.07324,0.05365,0.0241
60632000,Миллеровский муниципальный район,female,2011,0.05557,0.0474,0.04605,0.05713,0.07306,0.08374,0.0724,0.071,0.06744,0.0837,0.1508,0.08295,0.0664,0.04242
60632000,Миллеровский муниципальный район,male,2011,0.0626,0.05627,0.0541,0.0687,0.0819,0.0874,0.0756,0.0741,0.07166,0.0814,0.1354,0.0691,0.0557,0.026
60633000,Милютинский муниципальный район,female,2011,0.0531,0.05026,0.05014,0.0531,0.06714,0.067,0.06104,0.07166,0.07306,0.1017,0.1609,0.08527,0.064,0.04163
60633000,Милютинский муниципальный район,male,2011,0.05624,0.0552,0.05682,0.05844,0.07715,0.07965,0.0682,0.068,0.0682,0.0979,0.1589,0.07446,0.0555,0.02531
60634000,Морозовский муниципальный район,female,2011,0.05576,0.05438,0.05148,0.047,0.0678,0.07635,0.07886,0.0735,0.07404,0.08215,0.153,0.08014,0.0668,0.0388
60634000,Морозовский муниципальный район,male,2011,0.06525,0.0595,0.05844,0.0599,0.08606,0.0776,0.0785,0.0699,0.073,0.0838,0.138,0.07294,0.05493,0.02226
60635000,Мясниковский муниципальный район,female,2011,0.05872,0.05286,0.04773,0.06165,0.08496,0.0885,0.07446,0.0723,0.06995,0.0845,0.1414,0.07556,0.05368,0.03384
60635000,Мясниковский муниципальный район,male,2011,0.068,0.0576,0.0555,0.0701,0.0909,0.0895,0.07825,0.06995,0.07,0.0834,0.1298,0.0677,0.04623,0.02316
60636000,Неклиновский муниципальный район,female,2011,0.05167,0.04846,0.04895,0.05685,0.0713,0.0732,0.0677,0.0694,0.0657,0.07886,0.1583,0.0885,0.0757,0.04538
60636000,Неклиновский муниципальный район,male,2011,0.05927,0.05423,0.05298,0.05957,0.0762,0.0816,0.0752,0.0728,0.0707,0.0785,0.1465,0.07764,0.06207,0.03275
60640000,Обливский муниципальный район,female,2011,0.0559,0.04996,0.043,0.06165,0.0806,0.0838,0.0685,0.07104,0.0676,0.08435,0.147,0.0795,0.06506,0.04202
60640000,Обливский муниципальный район,male,2011,0.05856,0.0572,0.0566,0.0661,0.0873,0.0856,0.06665,0.074,0.0678,0.0873,0.1385,0.07776,0.05008,0.02664
60641000,Октябрьский муниципальный район,female,2011,0.05725,0.04956,0.04764,0.079,0.0967,0.0817,0.07166,0.0688,0.06097,0.07513,0.142,0.07416,0.0604,0.0351
60641000,Октябрьский муниципальный район,male,2011,0.05615,0.05328,0.0491,0.11237,0.1414,0.08575,0.0733,0.06476,0.05817,0.0668,0.1151,0.05875,0.0445,0.02058
60642000,Орловский муниципальный район,female,2011,0.05637,0.0596,0.05862,0.0491,0.0762,0.08356,0.077,0.07135,0.07043,0.0825,0.144,0.0776,0.05768,0.03592
60642000,Орловский муниципальный район,male,2011,0.0614,0.06256,0.0636,0.0596,0.07654,0.0892,0.08136,0.07465,0.0696,0.0813,0.1393,0.0709,0.0474,0.02263
60644000,Песчанокопский муниципальный район,female,2011,0.05234,0.05096,0.04898,0.05673,0.0682,0.07153,0.072,0.07263,0.0725,0.08826,0.1503,0.0767,0.07007,0.04886
60644000,Песчанокопский муниципальный район,male,2011,0.0568,0.06094,0.05908,0.05334,0.0702,0.0764,0.0778,0.0743,0.0774,0.0918,0.1454,0.072,0.05615,0.02837
60645000,Пролетарский муниципальный район,female,2011,0.0676,0.05634,0.05453,0.06274,0.085,0.081,0.07227,0.07214,0.06238,0.0754,0.137,0.0748,0.06046,0.03827
60645000,Пролетарский муниципальный район,male,2011,0.07086,0.06274,0.05972,0.06903,0.08844,0.0872,0.0764,0.07135,0.0682,0.07574,0.1293,0.0689,0.04828,0.02386
60647000,Ремонтненский муниципальный район,female,2011,0.0616,0.06085,0.05917,0.05164,0.0722,0.08325,0.0717,0.0679,0.06464,0.08875,0.1493,0.0789,0.05807,0.0321
60647000,Ремонтненский муниципальный район,male,2011,0.06934,0.06064,0.06836,0.04837,0.0768,0.07367,0.0699,0.0712,0.06866,0.0846,0.148,0.0779,0.05777,0.02484
60648000,Родионово-Несветайский муниципальный район,female,2011,0.05478,0.05258,0.05197,0.0552,0.0773,0.077,0.068,0.0721,0.069,0.0798,0.1539,0.0836,0.06396,0.04086
60648000,Родионово-Несветайский муниципальный район,male,2011,0.0627,0.05795,0.05405,0.06082,0.08386,0.0849,0.0782,0.07306,0.0712,0.0782,0.1416,0.0716,0.0546,0.0273
60650000,Сальский муниципальный район,female,2011,0.05777,0.05325,0.05243,0.05905,0.06805,0.0745,0.0715,0.0737,0.0695,0.0827,0.15,0.0785,0.0671,0.04193
60650000,Сальский муниципальный район,male,2011,0.06616,0.06287,0.05908,0.0707,0.07605,0.08136,0.07306,0.0739,0.0707,0.0826,0.135,0.0698,0.05365,0.025
60651000,Семикаракорский муниципальный район,female,2011,0.06042,0.05408,0.0538,0.05243,0.06854,0.07605,0.06805,0.0737,0.0673,0.08167,0.1517,0.08386,0.06555,0.0428
60651000,Семикаракорский муниципальный район,male,2011,0.06757,0.06186,0.0598,0.05804,0.07513,0.0803,0.0746,0.07336,0.06744,0.08606,0.1415,0.0757,0.0523,0.02638
60652000,Советский муниципальный район,female,2011,0.06824,0.0529,0.0582,0.07355,0.087,0.08167,0.06476,0.0751,0.06946,0.07227,0.1357,0.06976,0.05914,0.03223
60652000,Советский муниципальный район,male,2011,0.0696,0.0602,0.05438,0.06995,0.0877,0.0871,0.0709,0.0728,0.0696,0.0764,0.1356,0.07184,0.05115,0.02266
60653000,Тарасовский муниципальный район,female,2011,0.05267,0.05017,0.05368,0.06146,0.07367,0.0726,0.0703,0.0657,0.07214,0.0864,0.1517,0.0763,0.06854,0.04456
60653000,Тарасовский муниципальный район,male,2011,0.06146,0.0598,0.05847,0.0656,0.0783,0.0818,0.0681,0.06586,0.0693,0.09,0.1447,0.07324,0.053,0.03043
60654000,Тацинский муниципальный район,female,2011,0.0541,0.05063,0.05112,0.05212,0.0715,0.0755,0.07495,0.0742,0.06836,0.0829,0.1581,0.08246,0.06464,0.03946
60654000,Тацинский муниципальный район,male,2011,0.05966,0.05505,0.0604,0.05377,0.0774,0.0841,0.0766,0.0736,0.0709,0.0852,0.1484,0.0763,0.0539,0.02472
60655000,Усть-Донецкий муниципальный район,female,2011,0.04782,0.04602,0.04553,0.05203,0.0791,0.083,0.07214,0.06824,0.06323,0.0816,0.1676,0.08746,0.0687,0.0374
60655000,Усть-Донецкий муниципальный район,male,2011,0.05862,0.05246,0.05087,0.06067,0.0809,0.092,0.08044,0.06775,0.06287,0.07837,0.1525,0.0791,0.0597,0.02386
60656000,Целинский муниципальный район,female,2011,0.05847,0.0601,0.06274,0.05322,0.0776,0.0738,0.06775,0.07416,0.0714,0.0894,0.1406,0.07086,0.05728,0.04272
60656000,Целинский муниципальный район,male,2011,0.0698,0.0642,0.0678,0.0611,0.0846,0.0796,0.0702,0.06866,0.0729,0.0867,0.135,0.0678,0.04587,0.02582
60657000,Цимлянский муниципальный район,female,2011,0.05966,0.049,0.0513,0.05408,0.0696,0.0772,0.06824,0.0701,0.06384,0.0852,0.1556,0.08704,0.0677,0.04132
60657000,Цимлянский муниципальный район,male,2011,0.0672,0.05975,0.05676,0.0535,0.0827,0.0838,0.0742,0.0728,0.06604,0.0823,0.1456,0.0772,0.0543,0.0238
60658000,Чертковский муниципальный район,female,2011,0.04987,0.0489,0.04926,0.06024,0.07196,0.0759,0.0718,0.06805,0.06946,0.0844,0.1542,0.0834,0.0699,0.04272
60658000,Чертковский муниципальный район,male,2011,0.05945,0.05612,0.05817,0.06168,0.077,0.07996,0.0726,0.0726,0.06885,0.083,0.1481,0.07605,0.0601,0.02632
60659000,Шолоховский муниципальный район,female,2011,0.05933,0.0484,0.04742,0.05698,0.0814,0.07806,0.06854,0.06744,0.06335,0.08167,0.1571,0.0823,0.06805,0.03983
60659000,Шолоховский муниципальный район,male,2011,0.06323,0.05432,0.05295,0.06223,0.0772,0.08276,0.0754,0.0686,0.065,0.086,0.1545,0.0775,0.05475,0.02556
60701000,город Ростов-на-Дону,female,2011,0.0425,0.0384,0.03598,0.0649,0.0994,0.0949,0.08374,0.0744,0.06793,0.0747,0.138,0.07574,0.0698,0.03952
60701000,город Ростов-на-Дону,male,2011,0.05276,0.04678,0.044,0.07385,0.10565,0.1019,0.09326,0.08044,0.0709,0.07227,0.1161,0.0617,0.0534,0.02692
60704000,город Азов,female,2011,0.04736,0.04517,0.04175,0.05426,0.0753,0.08545,0.07935,0.0776,0.0685,0.076,0.1494,0.08417,0.075,0.04074
60704000,город Азов,male,2011,0.0575,0.05597,0.04868,0.067,0.08136,0.09424,0.0824,0.0795,0.068,0.0751,0.1287,0.0713,0.06116,0.02916
60707000,город Батайск,female,2011,0.0562,0.04904,0.04425,0.0535,0.08014,0.0941,0.08685,0.077,0.0683,0.0805,0.1385,0.0753,0.05975,0.03644
60707000,город Батайск,male,2011,0.0635,0.0559,0.04974,0.0648,0.0937,0.0998,0.0944,0.08185,0.06976,0.07434,0.1204,0.063,0.0457,0.02309
60712000,город Волгодонск,female,2011,0.04807,0.04272,0.0347,0.0514,0.08203,0.09045,0.0801,0.0643,0.05292,0.0707,0.1853,0.103,0.0664,0.0279
60712000,город Волгодонск,male,2011,0.0592,0.05148,0.0426,0.0583,0.0884,0.1042,0.0926,0.0707,0.05325,0.06384,0.1494,0.08496,0.0597,0.02151
60715000,город Гуково,female,2011,0.04578,0.0434,0.0439,0.0493,0.07007,0.0774,0.07544,0.07214,0.06714,0.0845,0.1737,0.08856,0.0673,0.04132
60715000,город Гуково,male,2011,0.0589,0.0537,0.0552,0.05722,0.0769,0.08514,0.0792,0.0714,0.0662,0.08105,0.1595,0.07745,0.05472,0.02339
60717000,город Донецк,female,2011,0.04697,0.04224,0.04016,0.04974,0.0763,0.0818,0.075,0.06885,0.06018,0.0758,0.1738,0.09283,0.0775,0.03885
60717000,город Донецк,male,2011,0.05576,0.05072,0.0479,0.05832,0.0828,0.09393,0.0825,0.07355,0.06256,0.07166,0.1517,0.07983,0.06384,0.02483
60718000,город Зверево,female,2011,0.0493,0.04608,0.04248,0.05472,0.07117,0.07385,0.0742,0.0724,0.0633,0.07825,0.1738,0.0915,0.0684,0.04056
60718000,город Зверево,male,2011,0.0529,0.04617,0.04312,0.05795,0.1055,0.09845,0.0809,0.08044,0.0657,0.0794,0.1442,0.07153,0.05194,0.02187
60719000,город Каменск-Шахтинский,female,2011,0.0468,0.0449,0.04108,0.05573,0.0723,0.0815,0.076,0.074,0.0652,0.0814,0.1584,0.0854,0.0756,0.04153
60719000,город Каменск-Шахтинский,male,2011,0.0559,0.0528,0.04736,0.0692,0.09973,0.0958,0.081,0.0765,0.0644,0.0735,0.1321,0.0675,0.05652,0.0277
60727000,город Новочеркасск,female,2011,0.04694,0.04062,0.0378,0.0849,0.1028,0.07733,0.06946,0.0703,0.0637,0.07196,0.1403,0.0795,0.07214,0.04224
60727000,город Новочеркасск,male,2011,0.05206,0.04395,0.04077,0.1056,0.1411,0.0912,0.0808,0.0718,0.06204,0.0643,0.1096,0.05978,0.0518,0.02525
60730000,город Новошахтинск,female,2011,0.04892,0.04794,0.04593,0.05624,0.0857,0.08575,0.07556,0.07104,0.06494,0.07837,0.1554,0.0819,0.06683,0.03546
60730000,город Новошахтинск,male,2011,0.0574,0.05743,0.0541,0.06305,0.08435,0.09344,0.083,0.0713,0.06647,0.0729,0.1421,0.07263,0.05643,0.02542
60737000,город Таганрог,female,2011,0.04367,0.03897,0.03796,0.05487,0.07996,0.0765,0.0732,0.0748,0.07086,0.0797,0.1522,0.0849,0.0834,0.04898
60737000,город Таганрог,male,2011,0.0526,0.0487,0.04596,0.06354,0.0927,0.08875,0.0815,0.079,0.07336,0.07495,0.1301,0.071,0.0641,0.03378
60740000,город Шахты,female,2011,0.04587,0.0443,0.042,0.0638,0.08484,0.07996,0.07556,0.0688,0.0651,0.07684,0.1578,0.0858,0.07086,0.0385
60740000,город Шахты,male,2011,0.05435,0.04993,0.04773,0.06824,0.0927,0.0916,0.08514,0.07544,0.0673,0.0736,0.1378,0.07294,0.0579,0.02528
66701000,город Смоленск,female,2011,0.04395,0.03656,0.0326,0.05908,0.0917,0.08453,0.07947,0.07355,0.0673,0.0771,0.1605,0.08624,0.0729,0.03455
66701000,город Смоленск,male,2011,0.05466,0.04596,0.0413,0.0702,0.11316,0.0937,0.08575,0.07605,0.06683,0.07324,0.1313,0.06964,0.05463,0.02364
83610000,Баксанский муниципальный район,female,2011,0.0811,0.06396,0.0688,0.08514,0.10736,0.09216,0.07294,0.06476,0.07214,0.0808,0.1018,0.0485,0.0317,0.02876
83610000,Баксанский муниципальный район,male,2011,0.08636,0.0683,0.0733,0.0873,0.10675,0.09204,0.0757,0.0669,0.0752,0.0817,0.09796,0.045,0.02644,0.01694
83615000,Зольский муниципальный район,female,2011,0.0782,0.0629,0.06714,0.0812,0.1037,0.0908,0.07355,0.06537,0.07153,0.08075,0.10767,0.05234,0.03537,0.02943
83615000,Зольский муниципальный район,male,2011,0.0852,0.0684,0.07306,0.08496,0.10516,0.09143,0.07666,0.06744,0.0731,0.07947,0.1008,0.0475,0.02925,0.01762
83618000,Лескенский муниципальный район,female,2011,0.0811,0.0641,0.0687,0.08527,0.10736,0.09235,0.0732,0.06506,0.0721,0.0807,0.10144,0.0483,0.03165,0.02869
83618000,Лескенский муниципальный район,male,2011,0.0866,0.0684,0.0733,0.08746,0.10693,0.0919,0.0757,0.06696,0.0752,0.08136,0.09784,0.04498,0.02641,0.01689
83620000,Майский муниципальный район,female,2011,0.0703,0.05984,0.06335,0.0723,0.0951,0.0872,0.0751,0.06726,0.0703,0.0808,0.1219,0.06168,0.044,0.03078
83620000,Майский муниципальный район,male,2011,0.0816,0.0683,0.07184,0.0784,0.1004,0.08997,0.07855,0.06854,0.06903,0.0754,0.10876,0.05365,0.03586,0.01971
83625000,Прохладненский муниципальный район,female,2011,0.0812,0.06384,0.0686,0.085,0.10724,0.09216,0.073,0.0648,0.07214,0.0808,0.1019,0.0486,0.0318,0.02882
83625000,Прохладненский муниципальный район,male,2011,0.0867,0.0685,0.0734,0.0876,0.1067,0.09186,0.0756,0.06683,0.075,0.08154,0.0979,0.045,0.02641,0.01692
83630000,Черекский муниципальный район,female,2011,0.0785,0.0631,0.0674,0.0816,0.1045,0.0911,0.0741,0.06537,0.07117,0.08014,0.1066,0.05197,0.03522,0.02927
83630000,Черекский муниципальный район,male,2011,0.0859,0.06866,0.0735,0.0852,0.10547,0.09155,0.0764,0.0673,0.0734,0.07965,0.09985,0.04678,0.02876,0.01755
83635000,Терский муниципальный район,female,2011,0.0753,0.0619,0.0658,0.07806,0.10065,0.0895,0.07404,0.06604,0.0709,0.08075,0.1129,0.0558,0.0384,0.02988
83635000,Терский муниципальный район,male,2011,0.0842,0.0684,0.07275,0.08264,0.10333,0.0907,0.07697,0.06757,0.07184,0.0783,0.10376,0.04962,0.0314,0.01834
83640000,Урванский муниципальный район,female,2011,0.0739,0.0613,0.0652,0.07654,0.09924,0.089,0.07434,0.06635,0.07086,0.0808,0.11523,0.0573,0.0398,0.03012
83640000,Урванский муниципальный район,male,2011,0.08344,0.0683,0.0725,0.082,0.10297,0.0909,0.07745,0.0678,0.0712,0.0777,0.1045,0.05032,0.03226,0.01869
83645000,Чегемский муниципальный район,female,2011,0.07684,0.06235,0.0668,0.0802,0.1028,0.09033,0.07385,0.0657,0.0712,0.0808,0.1096,0.0536,0.0364,0.02959
83645000,Чегемский муниципальный район,male,2011,0.08484,0.0685,0.07294,0.0841,0.10455,0.0912,0.07654,0.0673,0.0727,0.0793,0.10205,0.04825,0.02983,0.01794
83648000,Эльбрусский муниципальный район,female,2011,0.0722,0.06055,0.06433,0.074,0.09717,0.0878,0.07465,0.06665,0.0704,0.0809,0.1189,0.05975,0.0421,0.03058
83648000,Эльбрусский муниципальный район,male,2011,0.0827,0.0684,0.0723,0.08,0.1016,0.0903,0.0778,0.068,0.06995,0.0763,0.107,0.05225,0.03415,0.01913
83701000,Нальчик,female,2011,0.0557,0.0481,0.05185,0.07477,0.10876,0.0907,0.0745,0.06793,0.07227,0.0859,0.126,0.0634,0.0483,0.03183
83701000,Нальчик,male,2011,0.06696,0.0596,0.0639,0.08105,0.11346,0.0962,0.07837,0.0665,0.0676,0.0755,0.11316,0.05734,0.03802,0.0223
83703000,Баксан,female,2011,0.07104,0.06006,0.06384,0.073,0.0961,0.0877,0.0751,0.06714,0.07043,0.0808,0.1205,0.0608,0.04294,0.03058
83703000,Баксан,male,2011,0.0819,0.0683,0.07214,0.07916,0.1006,0.0899,0.07837,0.0684,0.0694,0.0757,0.1082,0.05328,0.03522,0.01944
83710000,Прохладный,female,2011,0.0653,0.05792,0.06113,0.0665,0.0899,0.0854,0.07605,0.0683,0.0695,0.0811,0.1306,0.0673,0.0491,0.03168
83710000,Прохладный,male,2011,0.079,0.0681,0.0712,0.0743,0.09717,0.089,0.0798,0.0693,0.0662,0.0728,0.1141,0.0579,0.0402,0.02106
85605000,Городовиковский муниципальный район,female,2011,0.063,0.0537,0.06366,0.0855,0.07623,0.07446,0.06238,0.0644,0.068,0.09064,0.07996,0.07153,0.1139,0.0326
85605000,Городовиковский муниципальный район,male,2011,0.0723,0.0656,0.0631,0.0802,0.0864,0.0832,0.06586,0.0644,0.06775,0.0937,0.0797,0.06464,0.09595,0.01721
85610000,Ики-Бурульский муниципальный район,female,2011,0.0734,0.06155,0.0612,0.0767,0.1022,0.08575,0.0673,0.0594,0.06494,0.0856,0.0794,0.0722,0.096,0.014435
85610000,Ики-Бурульский муниципальный район,male,2011,0.0845,0.06305,0.0648,0.0689,0.1078,0.08466,0.0772,0.06046,0.0667,0.09467,0.07294,0.06238,0.0831,0.00881
85615000,Лаганский муниципальный район,female,2011,0.0682,0.05795,0.05835,0.0749,0.08905,0.0795,0.0624,0.05978,0.0684,0.08685,0.0903,0.0758,0.1071,0.02138
85615000,Лаганский муниципальный район,male,2011,0.07495,0.06165,0.0638,0.0697,0.095,0.0884,0.07007,0.06186,0.06744,0.0965,0.0782,0.0667,0.093,0.012794
85620000,Малодербетовский муниципальный район,female,2011,0.06903,0.05377,0.05396,0.0824,0.08905,0.0808,0.05515,0.05493,0.0683,0.10126,0.09454,0.06964,0.10126,0.0259
85620000,Малодербетовский муниципальный район,male,2011,0.06647,0.05838,0.0572,0.0753,0.0932,0.08154,0.05798,0.05457,0.06946,0.11035,0.094,0.06866,0.09827,0.014694
85623000,Октябрьский муниципальный район,female,2011,0.0691,0.05664,0.05896,0.08435,0.09894,0.0818,0.0731,0.0541,0.0683,0.0968,0.0818,0.0687,0.09216,0.01522
85623000,Октябрьский муниципальный район,male,2011,0.07886,0.05524,0.0647,0.07526,0.109,0.0892,0.06433,0.05988,0.0626,0.0968,0.08014,0.067,0.086,0.01096
85625000,Кетченеровский муниципальный район,female,2011,0.0766,0.0589,0.05432,0.0685,0.0977,0.0772,0.05414,0.05273,0.0736,0.10626,0.09076,0.0758,0.0991,0.01433
85625000,Кетченеровский муниципальный район,male,2011,0.0803,0.05756,0.0543,0.06213,0.0986,0.0838,0.06177,0.05066,0.0747,0.1139,0.0997,0.06775,0.0889,0.006012
85628000,Приютненский муниципальный район,female,2011,0.0693,0.05396,0.04913,0.08246,0.0924,0.0737,0.06335,0.0655,0.0687,0.0798,0.0837,0.07654,0.1146,0.02689
85628000,Приютненский муниципальный район,male,2011,0.0747,0.05954,0.05762,0.0719,0.0867,0.0867,0.06573,0.06854,0.0692,0.08984,0.0844,0.071,0.09515,0.01903
85632000,Сарпинский муниципальный район,female,2011,0.0565,0.05786,0.05542,0.07904,0.08704,0.074,0.06415,0.06415,0.0709,0.0975,0.08813,0.0711,0.1076,0.02657
85632000,Сарпинский муниципальный район,male,2011,0.0657,0.0538,0.0574,0.0699,0.0896,0.08264,0.06525,0.06537,0.0817,0.1001,0.0843,0.06915,0.0986,0.01653
85637000,Целинный муниципальный район,female,2011,0.07654,0.06152,0.04904,0.0775,0.0973,0.0929,0.0723,0.05685,0.06665,0.08527,0.0783,0.07043,0.09656,0.0188
85637000,Целинный муниципальный район,male,2011,0.08734,0.06494,0.05954,0.0662,0.10016,0.09375,0.0749,0.0628,0.06055,0.0838,0.0771,0.0682,0.0897,0.01107
85642000,Черноземельский муниципальный район,female,2011,0.0849,0.06775,0.06207,0.08057,0.10675,0.08844,0.0727,0.05823,0.0641,0.0926,0.073,0.05853,0.0781,0.01232
85642000,Черноземельский муниципальный район,male,2011,0.0878,0.0761,0.06683,0.0686,0.1063,0.08875,0.0685,0.05722,0.0722,0.09296,0.07117,0.0584,0.076,0.00901
85646000,Юстинский муниципальный район,female,2011,0.0705,0.05124,0.04837,0.08057,0.0863,0.084,0.06836,0.05276,0.0621,0.09656,0.0899,0.0811,0.1105,0.01772
85646000,Юстинский муниципальный район,male,2011,0.0747,0.05627,0.0555,0.0722,0.092,0.0903,0.0686,0.05417,0.0705,0.0999,0.08856,0.0724,0.0947,0.01018
85650000,Яшалтинский муниципальный район,female,2011,0.0723,0.06506,0.0702,0.1008,0.0894,0.0758,0.06555,0.0647,0.06555,0.08344,0.06604,0.05936,0.0932,0.02849
85650000,Яшалтинский муниципальный район,male,2011,0.07513,0.07074,0.06976,0.0834,0.0925,0.0873,0.0682,0.06635,0.0716,0.0853,0.07245,0.05652,0.08154,0.01936
85654000,Яшкульский муниципальный район,female,2011,0.08777,0.06635,0.05804,0.06964,0.1016,0.08203,0.06247,0.0573,0.0655,0.08636,0.08264,0.07104,0.09705,0.01215
85654000,Яшкульский муниципальный район,male,2011,0.074,0.06223,0.05664,0.06476,0.1015,0.10944,0.08966,0.0667,0.0695,0.08417,0.0741,0.06006,0.0774,0.00983
85701000,город Элиста,female,2011,0.0688,0.05588,0.05048,0.0713,0.09076,0.0901,0.07935,0.0626,0.06183,0.0818,0.0805,0.07556,0.11005,0.021
85701000,город Элиста,male,2011,0.08746,0.07056,0.06015,0.07245,0.1017,0.1035,0.0826,0.0638,0.05734,0.07275,0.0662,0.06122,0.0867,0.013664
93605000,Бай-Тайгинский муниципальный район,female,2011,0.12,0.1007,0.0872,0.0755,0.0771,0.0769,0.08307,0.0782,0.06396,0.0733,0.07275,0.0355,0.03152,0.02432
93605000,Бай-Тайгинский муниципальный район,male,2011,0.133,0.11456,0.1002,0.0851,0.08203,0.08264,0.0746,0.0668,0.06274,0.065,0.06158,0.02945,0.02429,0.01797
93610000,Барун-Хемчикский муниципальный район,female,2011,0.1278,0.10266,0.0858,0.0682,0.07806,0.08655,0.07806,0.07666,0.0732,0.0572,0.07776,0.0368,0.03119,0.02023
93610000,Барун-Хемчикский муниципальный район,male,2011,0.1409,0.1143,0.0977,0.0859,0.08636,0.08075,0.0764,0.0681,0.06235,0.0542,0.06204,0.02942,0.02206,0.0195
93615000,Дзун-Хемчикский муниципальный район,female,2011,0.1388,0.09607,0.0861,0.06183,0.0771,0.0862,0.07605,0.0735,0.07544,0.0665,0.0787,0.03384,0.02612,0.02377
93615000,Дзун-Хемчикский муниципальный район,male,2011,0.1564,0.109,0.10065,0.081,0.0797,0.08466,0.0737,0.06885,0.06046,0.0575,0.06158,0.02621,0.02159,0.01874
93620000,Каа-Хемский муниципальный район,female,2011,0.11115,0.09375,0.0792,0.06165,0.07697,0.0807,0.0765,0.07904,0.0661,0.074,0.0958,0.04297,0.03497,0.02715
93620000,Каа-Хемский муниципальный район,male,2011,0.1204,0.1007,0.0821,0.0756,0.082,0.082,0.07,0.06885,0.06744,0.0603,0.0918,0.0436,0.03647,0.01874
93622000,Кызылский муниципальный район,female,2011,0.1162,0.08734,0.0774,0.071,0.0891,0.0897,0.0808,0.07776,0.0683,0.06616,0.0827,0.04138,0.03232,0.01985
93622000,Кызылский муниципальный район,male,2011,0.1298,0.0946,0.085,0.0817,0.092,0.09406,0.0772,0.0693,0.0668,0.05807,0.0749,0.03577,0.02466,0.01627
93625000,Монгун-Тайгинский муниципальный район,female,2011,0.1307,0.0952,0.0942,0.0741,0.0771,0.0972,0.08215,0.0761,0.07544,0.0717,0.05765,0.02983,0.02448,0.01408
93625000,Монгун-Тайгинский муниципальный район,male,2011,0.1467,0.1182,0.0908,0.0964,0.08264,0.09155,0.07336,0.063,0.07007,0.06006,0.0504,0.0252,0.01854,0.01297
93630000,Овюрский муниципальный район,female,2011,0.1245,0.0963,0.09766,0.0638,0.06836,0.0776,0.0803,0.08167,0.07513,0.0651,0.08356,0.0323,0.02957,0.02414
93630000,Овюрский муниципальный район,male,2011,0.1353,0.1096,0.1072,0.0797,0.08704,0.0852,0.0748,0.0672,0.0657,0.06198,0.06384,0.02504,0.0229,0.014656
93635000,Пий-Хемский муниципальный район,female,2011,0.10565,0.0682,0.06604,0.04883,0.0718,0.0819,0.0777,0.07947,0.08057,0.07544,0.1137,0.0578,0.04767,0.02527
93635000,Пий-Хемский муниципальный район,male,2011,0.1231,0.0881,0.078,0.06384,0.0722,0.0774,0.0793,0.07153,0.07196,0.06366,0.1024,0.05215,0.03632,0.02003
93638000,Сут-Хольский муниципальный район,female,2011,0.1355,0.1111,0.0983,0.0628,0.06134,0.07996,0.0744,0.0797,0.07104,0.0676,0.07367,0.03308,0.02777,0.02367
93638000,Сут-Хольский муниципальный район,male,2011,0.1349,0.123,0.1025,0.08093,0.0732,0.0823,0.06824,0.0688,0.07135,0.0597,0.0649,0.02959,0.02257,0.01816
93640000,Тандинский муниципальный район,female,2011,0.1332,0.09674,0.077,0.06604,0.082,0.0719,0.0743,0.07056,0.07385,0.06573,0.08813,0.04257,0.03476,0.02332
