oktmo,name,gender,year,0-4,5-9,10-14,15-19,20-24,25-29,30-34,35-39,40-44,45-49,50-54,55-59,60-64,65-69
1601000,Алейский муниципальный район,female,2019,0.05484,0.0664,0.05383,0.0441,0.04968,0.013885,0.03592,0.0597,0.0631,0.067,0.1754,0.11957,0.11237,0.08417
1601000,Алейский муниципальный район,male,2019,0.0609,0.07495,0.06586,0.04758,0.05048,0.02972,0.05396,0.0551,0.0663,0.06396,0.1583,0.10516,0.10065,0.06714
1602000,Алтайский муниципальный район,female,2019,0.06158,0.0635,0.06094,0.05338,0.05444,0.04993,0.0625,0.0772,0.07214,0.06058,0.1327,0.0826,0.09265,0.07587
1602000,Алтайский муниципальный район,male,2019,0.0654,0.0785,0.0715,0.05814,0.05258,0.06107,0.07355,0.0769,0.0717,0.05902,0.1182,0.0766,0.0783,0.05853
1603000,Баевский муниципальный район,female,2019,0.0547,0.0712,0.05338,0.05206,0.04205,0.02287,0.0392,0.061,0.06384,0.0634,0.1693,0.112,0.1155,0.0795
1603000,Баевский муниципальный район,male,2019,0.068,0.07623,0.06525,0.04675,0.0402,0.02852,0.047,0.0654,0.06384,0.06824,0.1666,0.1026,0.1005,0.0608
1604000,Бийский муниципальный район,female,2019,0.06335,0.0726,0.05682,0.04388,0.0469,0.0415,0.05258,0.06586,0.0713,0.06616,0.1411,0.0891,0.1035,0.08527
1604000,Бийский муниципальный район,male,2019,0.0715,0.0809,0.0648,0.04837,0.04892,0.05957,0.0703,0.0667,0.0706,0.05923,0.1237,0.0787,0.091,0.06573
1605000,Благовещенский муниципальный район,female,2019,0.05542,0.06836,0.0592,0.04886,0.0532,0.0453,0.063,0.0736,0.0745,0.0623,0.1399,0.0905,0.095,0.0708
1605000,Благовещенский муниципальный район,male,2019,0.062,0.0825,0.06793,0.04626,0.042,0.06805,0.07623,0.0707,0.07355,0.06635,0.131,0.0856,0.07764,0.0502
1606000,Бурлинский муниципальный район,female,2019,0.05267,0.0708,0.0675,0.0509,0.04623,0.02223,0.04446,0.0624,0.08075,0.06824,0.1573,0.10223,0.1041,0.07
1606000,Бурлинский муниципальный район,male,2019,0.05588,0.0748,0.06445,0.05484,0.06015,0.02977,0.05566,0.0695,0.06384,0.0742,0.1527,0.0975,0.0889,0.0577
1607000,Быстроистокский муниципальный район,female,2019,0.06122,0.0705,0.0641,0.0536,0.03738,0.01906,0.04074,0.0631,0.06384,0.07385,0.146,0.09576,0.10767,0.10315
1607000,Быстроистокский муниципальный район,male,2019,0.0611,0.07513,0.07513,0.0596,0.05295,0.0367,0.04187,0.06573,0.0643,0.06824,0.1353,0.0857,0.09607,0.0823
1608000,Волчихинский муниципальный район,female,2019,0.0585,0.0714,0.06586,0.05038,0.04758,0.04257,0.05573,0.0683,0.077,0.071,0.1389,0.09155,0.08936,0.0719
1608000,Волчихинский муниципальный район,male,2019,0.0679,0.0779,0.0723,0.05948,0.04727,0.04962,0.0669,0.0726,0.0716,0.0674,0.133,0.0826,0.07935,0.0521
1609000,Егорьевский муниципальный район,female,2019,0.06354,0.0717,0.06525,0.05835,0.04843,0.02658,0.05063,0.06433,0.0687,0.06714,0.1506,0.09467,0.09906,0.0709
1609000,Егорьевский муниципальный район,male,2019,0.0662,0.07385,0.06036,0.07544,0.04803,0.05096,0.05582,0.0644,0.07367,0.06085,0.1381,0.08905,0.0868,0.05646
1610000,Ельцовский муниципальный район,female,2019,0.0568,0.06107,0.06137,0.04376,0.03363,0.02155,0.05386,0.06204,0.0689,0.05878,0.1652,0.1091,0.11005,0.09406
1610000,Ельцовский муниципальный район,male,2019,0.05884,0.0827,0.0602,0.04984,0.0429,0.0346,0.05087,0.07025,0.0699,0.06125,0.1454,0.09686,0.1028,0.0737
1611000,Завьяловский муниципальный район,female,2019,0.04984,0.06058,0.06183,0.04712,0.04657,0.014465,0.0493,0.0682,0.07935,0.0719,0.159,0.11066,0.1056,0.07574
1611000,Завьяловский муниципальный район,male,2019,0.05685,0.0747,0.06964,0.0571,0.05508,0.03134,0.04858,0.0647,0.0695,0.0705,0.1483,0.0985,0.09814,0.0571
1612000,Залесовский муниципальный район,female,2019,0.05927,0.07434,0.05942,0.0544,0.04202,0.02432,0.04776,0.0643,0.07477,0.06604,0.1558,0.0976,0.1032,0.07684
1612000,Залесовский муниципальный район,male,2019,0.06464,0.07544,0.0601,0.06274,0.043,0.04327,0.0614,0.06976,0.0659,0.06494,0.1494,0.09326,0.08466,0.0614
1613000,Заринский муниципальный район,female,2019,0.04956,0.073,0.06058,0.04932,0.0473,0.0434,0.0587,0.06885,0.0774,0.0645,0.1406,0.08856,0.09875,0.0795
1613000,Заринский муниципальный район,male,2019,0.05444,0.07227,0.05988,0.0509,0.04242,0.04843,0.07416,0.0744,0.0789,0.0686,0.136,0.0866,0.0912,0.06177
1614000,Змеиногорский муниципальный район,female,2019,0.0568,0.0703,0.06088,0.04736,0.04642,0.02882,0.0611,0.0742,0.0716,0.05942,0.14,0.09296,0.1089,0.08124
1614000,Змеиногорский муниципальный район,male,2019,0.06445,0.0808,0.0671,0.04446,0.0451,0.05588,0.063,0.08356,0.0712,0.06027,0.126,0.08234,0.0935,0.06226
1615000,Калманский муниципальный район,female,2019,0.0641,0.0681,0.05698,0.04584,0.04617,0.0323,0.05344,0.0628,0.07104,0.06232,0.1421,0.09076,0.10944,0.0946
1615000,Калманский муниципальный район,male,2019,0.06793,0.0738,0.0575,0.04752,0.03333,0.04752,0.0795,0.07904,0.07874,0.07495,0.1323,0.08136,0.0851,0.0614
1616000,Каменский муниципальный район,female,2019,0.04877,0.05896,0.05777,0.0578,0.05002,0.05835,0.06616,0.0733,0.0746,0.06305,0.1357,0.0877,0.09314,0.0746
1616000,Каменский муниципальный район,male,2019,0.0607,0.07385,0.0662,0.04517,0.03516,0.09265,0.08246,0.0737,0.07135,0.0659,0.12415,0.07916,0.0745,0.05487
1617000,Ключевский муниципальный район,female,2019,0.04788,0.0729,0.0579,0.05072,0.0501,0.03105,0.05927,0.0741,0.0724,0.0725,0.1508,0.0961,0.09454,0.06976
1617000,Ключевский муниципальный район,male,2019,0.0616,0.0739,0.0694,0.05762,0.05167,0.03876,0.0641,0.0789,0.0739,0.06384,0.1437,0.088,0.0774,0.05722
1618000,Косихинский муниципальный район,female,2019,0.0682,0.0707,0.05307,0.05563,0.04675,0.02155,0.047,0.0617,0.0649,0.0715,0.1481,0.0967,0.10645,0.08795
1618000,Косихинский муниципальный район,male,2019,0.07007,0.0798,0.0575,0.05615,0.0512,0.03726,0.0657,0.0639,0.0681,0.06247,0.1449,0.0948,0.091,0.05722
1619000,Красногорский муниципальный район,female,2019,0.06146,0.0756,0.0671,0.04797,0.0501,0.02405,0.06027,0.0684,0.0755,0.06323,0.1329,0.08527,0.10156,0.0865
1619000,Красногорский муниципальный район,male,2019,0.0641,0.08136,0.0839,0.05228,0.04706,0.03278,0.05844,0.0674,0.07227,0.0693,0.1285,0.086,0.09576,0.0609
1620000,Краснощёковский муниципальный район,female,2019,0.05133,0.05875,0.05182,0.05182,0.03973,0.02194,0.05435,0.07336,0.079,0.0618,0.162,0.1075,0.1064,0.0802
1620000,Краснощёковский муниципальный район,male,2019,0.04944,0.0639,0.05817,0.05283,0.0502,0.03275,0.07,0.0695,0.07074,0.06415,0.1509,0.102,0.0967,0.0688
1621000,Крутихинский муниципальный район,female,2019,0.05444,0.067,0.0624,0.0498,0.05276,0.02611,0.04462,0.06537,0.0693,0.06555,0.1533,0.0994,0.1078,0.0822
1621000,Крутихинский муниципальный район,male,2019,0.05994,0.0813,0.0726,0.0526,0.05478,0.036,0.0449,0.0708,0.06683,0.0617,0.1442,0.09155,0.09515,0.0676
1622000,Кулундинский муниципальный район,female,2019,0.0573,0.0675,0.05954,0.04794,0.049,0.03946,0.06836,0.07434,0.07294,0.0698,0.1462,0.0928,0.0913,0.0634
1622000,Кулундинский муниципальный район,male,2019,0.0638,0.0737,0.0668,0.0519,0.04843,0.05008,0.0798,0.07623,0.0766,0.06744,0.1312,0.0826,0.0784,0.05316
1623000,Курьинский муниципальный район,female,2019,0.05927,0.05765,0.05743,0.05148,0.01738,0.02104,0.04828,0.0666,0.0684,0.07184,0.162,0.10406,0.12494,0.08966
1623000,Курьинский муниципальный район,male,2019,0.05792,0.0692,0.06903,0.0434,0.04916,0.03577,0.05585,0.0637,0.0674,0.06256,0.1514,0.0969,0.1034,0.07434
1624000,Кытмановский муниципальный район,female,2019,0.05957,0.06915,0.0576,0.0566,0.0528,0.01588,0.04486,0.0624,0.0732,0.0682,0.1488,0.0958,0.1091,0.08606
1624000,Кытмановский муниципальный район,male,2019,0.06213,0.0744,0.06866,0.05695,0.05005,0.0328,0.06128,0.0647,0.0715,0.0642,0.1385,0.08527,0.098,0.0715
1625000,Локтевский муниципальный район,female,2019,0.05035,0.0572,0.05338,0.04965,0.04773,0.04065,0.06165,0.0692,0.07513,0.06903,0.1454,0.0949,0.1006,0.085
1625000,Локтевский муниципальный район,male,2019,0.05682,0.06604,0.065,0.0515,0.04385,0.0638,0.0694,0.07635,0.0735,0.0656,0.1285,0.08136,0.0936,0.06445
1626000,Мамонтовский муниципальный район,female,2019,0.05148,0.0686,0.05527,0.0493,0.04666,0.02519,0.06125,0.0685,0.07623,0.0666,0.1454,0.0963,0.1093,0.07983
1626000,Мамонтовский муниципальный район,male,2019,0.05792,0.0685,0.0625,0.05304,0.04495,0.03714,0.06866,0.0785,0.07635,0.06866,0.137,0.0909,0.0915,0.06445
1627000,Михайловский муниципальный район,female,2019,0.05386,0.06305,0.06036,0.04855,0.05234,0.03156,0.05835,0.06946,0.0658,0.06934,0.1512,0.09796,0.1007,0.0776
1627000,Михайловский муниципальный район,male,2019,0.06464,0.0767,0.06476,0.0543,0.06073,0.04752,0.0632,0.06052,0.0697,0.0644,0.142,0.09326,0.08026,0.05795
1628000,Новичихинский муниципальный район,female,2019,0.05896,0.07166,0.05984,0.05338,0.042,0.02591,0.03998,0.07526,0.067,0.073,0.1508,0.094,0.11414,0.07416
1628000,Новичихинский муниципальный район,male,2019,0.0627,0.07556,0.06946,0.05823,0.05704,0.01854,0.05,0.07086,0.07697,0.0641,0.146,0.0927,0.09717,0.06058
1629000,Зональный муниципальный район,female,2019,0.0618,0.07404,0.0615,0.04803,0.04587,0.04205,0.07166,0.0751,0.07135,0.0639,0.1334,0.08575,0.0916,0.07385
1629000,Зональный муниципальный район,male,2019,0.06744,0.0813,0.06946,0.0444,0.04367,0.0563,0.0829,0.07416,0.07117,0.0631,0.127,0.0819,0.07904,0.05823
1630000,Павловский муниципальный район,female,2019,0.05673,0.06805,0.0567,0.0485,0.04303,0.0373,0.0646,0.07544,0.0718,0.0655,0.1387,0.0919,0.1003,0.0817
1630000,Павловский муниципальный район,male,2019,0.06525,0.07526,0.06506,0.05237,0.04703,0.05344,0.07245,0.08026,0.076,0.0623,0.1274,0.0806,0.0854,0.05716
1631000,Панкрушихинский муниципальный район,female,2019,0.055,0.06046,0.06287,0.05124,0.0492,0.02374,0.05908,0.0697,0.07153,0.06696,0.1508,0.10114,0.1055,0.07275
1631000,Панкрушихинский муниципальный район,male,2019,0.0631,0.072,0.0683,0.05984,0.0493,0.0378,0.05215,0.066,0.07275,0.0604,0.1523,0.0946,0.0923,0.05914
1632000,Первомайский муниципальный район,female,2019,0.0558,0.06683,0.05856,0.04706,0.04648,0.04855,0.0741,0.0776,0.0774,0.06506,0.133,0.0842,0.0923,0.0731
1632000,Первомайский муниципальный район,male,2019,0.061,0.0703,0.0636,0.04953,0.0454,0.0577,0.08417,0.08105,0.07587,0.06635,0.1295,0.0805,0.07904,0.05585
1633000,Петропавловский муниципальный район,female,2019,0.0634,0.06885,0.05936,0.05597,0.04764,0.0178,0.04272,0.0761,0.0836,0.0654,0.1426,0.09125,0.1006,0.0846
1633000,Петропавловский муниципальный район,male,2019,0.07526,0.0811,0.06195,0.05356,0.04865,0.03336,0.0554,0.0714,0.07965,0.06885,0.1364,0.08765,0.08655,0.0603
1634000,Поспелихинский муниципальный район,female,2019,0.06082,0.06696,0.0605,0.0504,0.05402,0.02202,0.0622,0.0772,0.0737,0.06244,0.1399,0.09186,0.1015,0.0764
1634000,Поспелихинский муниципальный район,male,2019,0.0655,0.0799,0.0711,0.0554,0.0534,0.03024,0.0655,0.0799,0.0665,0.0647,0.1327,0.0867,0.0874,0.06113
1635000,Ребрихинский муниципальный район,female,2019,0.05353,0.0669,0.0603,0.05426,0.04507,0.02695,0.04865,0.06757,0.0687,0.06805,0.1499,0.1,0.1088,0.0813
1635000,Ребрихинский муниципальный район,male,2019,0.06018,0.0679,0.0655,0.06055,0.05194,0.0398,0.05972,0.06805,0.0768,0.05917,0.1377,0.0898,0.0975,0.0655
1636000,Родинский муниципальный район,female,2019,0.04965,0.06506,0.05008,0.0436,0.0516,0.04642,0.04544,0.0656,0.07025,0.06506,0.1593,0.1028,0.11053,0.07465
1636000,Родинский муниципальный район,male,2019,0.05692,0.0652,0.06064,0.05377,0.052,0.04724,0.05307,0.06537,0.07135,0.06586,0.15,0.10205,0.0937,0.0629
1637000,Романовский муниципальный район,female,2019,0.04178,0.05966,0.05594,0.04398,0.03494,0.02097,0.04398,0.0658,0.0754,0.0711,0.1672,0.1192,0.11273,0.0873
1637000,Романовский муниципальный район,male,2019,0.05835,0.06433,0.05923,0.0513,0.05527,0.03053,0.04047,0.06866,0.0764,0.0697,0.1467,0.1006,0.1064,0.0721
1638000,Рубцовский муниципальный район,female,2019,0.05362,0.07025,0.064,0.0486,0.043,0.03452,0.06256,0.07336,0.0735,0.06555,0.145,0.092,0.0983,0.0757
1638000,Рубцовский муниципальный район,male,2019,0.05872,0.0736,0.0677,0.05942,0.05026,0.04935,0.06915,0.0665,0.0709,0.0701,0.1313,0.08276,0.09045,0.0597
1640000,Смоленский муниципальный район,female,2019,0.06116,0.07007,0.05505,0.0449,0.04404,0.02278,0.0515,0.0645,0.074,0.0718,0.1421,0.09375,0.1068,0.09753
1640000,Смоленский муниципальный район,male,2019,0.06946,0.0791,0.06683,0.05307,0.05145,0.0399,0.0625,0.0661,0.07306,0.06976,0.1271,0.0803,0.08966,0.0718
1641000,Суетский муниципальный район,female,2019,0.05704,0.07184,0.05377,0.05655,0.04636,0.03107,0.04266,0.06027,0.0788,0.07556,0.1567,0.1048,0.09735,0.0672
1641000,Суетский муниципальный район,male,2019,0.0602,0.0689,0.06696,0.0573,0.0583,0.03564,0.0443,0.08527,0.06647,0.07324,0.1473,0.0915,0.0828,0.06165
1642000,Советский муниципальный район,female,2019,0.05518,0.0774,0.06946,0.05222,0.04504,0.02168,0.05103,0.06323,0.07,0.0697,0.1445,0.0909,0.1065,0.0831
1642000,Советский муниципальный район,male,2019,0.0714,0.08276,0.0713,0.05313,0.05682,0.02466,0.05737,0.0656,0.06604,0.0629,0.1343,0.0873,0.0992,0.0673
1643000,Солонешенский муниципальный район,female,2019,0.05774,0.0671,0.06232,0.0634,0.0475,0.02701,0.0562,0.0726,0.07715,0.0695,0.1388,0.0876,0.0926,0.0806
1643000,Солонешенский муниципальный район,male,2019,0.06223,0.0745,0.07733,0.0646,0.05017,0.04263,0.06635,0.07,0.0676,0.0702,0.1324,0.087,0.07776,0.05728
1644000,Солтонский муниципальный район,female,2019,0.0677,0.0733,0.05984,0.05875,0.06433,0.01958,0.04224,0.0674,0.0811,0.0786,0.1293,0.0887,0.09845,0.07074
1644000,Солтонский муниципальный район,male,2019,0.0754,0.07965,0.0657,0.04938,0.05566,0.02226,0.05508,0.0725,0.06793,0.07025,0.1399,0.0922,0.0914,0.0628
1645000,Шелаболихинский муниципальный район,female,2019,0.06113,0.07574,0.05847,0.0594,0.0396,0.02292,0.04504,0.0663,0.0697,0.0664,0.1444,0.0967,0.11597,0.07825
1645000,Шелаболихинский муниципальный район,male,2019,0.0699,0.0733,0.0661,0.05283,0.052,0.03528,0.05347,0.0717,0.0707,0.06235,0.1351,0.08777,0.1063,0.0632
1646000,Табунский муниципальный район,female,2019,0.07227,0.09973,0.06616,0.06073,0.0527,0.0366,0.05945,0.07294,0.0649,0.0616,0.1284,0.08167,0.0799,0.0629
1646000,Табунский муниципальный район,male,2019,0.0749,0.1066,0.0749,0.0654,0.06082,0.04285,0.0709,0.0652,0.06683,0.05276,0.1228,0.0723,0.0705,0.05322
1647000,Тальменский муниципальный район,female,2019,0.05704,0.0691,0.0616,0.05164,0.05273,0.0536,0.0695,0.0755,0.0728,0.065,0.1254,0.08093,0.092,0.0732
1647000,Тальменский муниципальный район,male,2019,0.06287,0.07697,0.07007,0.05392,0.04044,0.07056,0.08685,0.07935,0.0735,0.06464,0.1181,0.0732,0.0749,0.0547
1648000,Тогульский муниципальный район,female,2019,0.05722,0.0665,0.05902,0.05023,0.0414,0.02226,0.04245,0.06366,0.06805,0.06964,0.1584,0.1095,0.1131,0.0784
1648000,Тогульский муниципальный район,male,2019,0.05713,0.0808,0.06525,0.05685,0.05017,0.02536,0.05408,0.06158,0.073,0.05994,0.1458,0.09503,0.10144,0.0736
1649000,Топчихинский муниципальный район,female,2019,0.0628,0.07465,0.0645,0.0524,0.04623,0.01857,0.05432,0.06903,0.06976,0.06415,0.1454,0.0928,0.11066,0.0748
1649000,Топчихинский муниципальный район,male,2019,0.07245,0.08,0.07227,0.05597,0.04846,0.0558,0.06433,0.0648,0.0671,0.05438,0.1304,0.0809,0.09326,0.05997
1650000,Третьяковский муниципальный район,female,2019,0.0676,0.07916,0.0632,0.0513,0.04343,0.02405,0.0548,0.07086,0.07965,0.0633,0.1439,0.0889,0.0989,0.07086
1650000,Третьяковский муниципальный район,male,2019,0.07245,0.0821,0.06915,0.0621,0.0497,0.03458,0.06537,0.0662,0.0752,0.0645,0.1307,0.08777,0.0819,0.05817
1651000,Троицкий муниципальный район,female,2019,0.05652,0.07056,0.0577,0.05112,0.045,0.02502,0.0486,0.0644,0.07465,0.06824,0.1475,0.09625,0.10535,0.08923
1651000,Троицкий муниципальный район,male,2019,0.06476,0.0736,0.06494,0.05893,0.05005,0.0437,0.05182,0.0694,0.0694,0.06445,0.1403,0.08966,0.0945,0.06445
1652000,Тюменцевский муниципальный район,female,2019,0.05664,0.0654,0.0537,0.04788,0.04935,0.04468,0.059,0.067,0.0749,0.0712,0.1403,0.09314,0.1038,0.073
1652000,Тюменцевский муниципальный район,male,2019,0.0567,0.06934,0.0677,0.05533,0.0507,0.04736,0.06647,0.0756,0.06903,0.0671,0.1376,0.08496,0.0866,0.06555
1653000,Угловский муниципальный район,female,2019,0.05624,0.0711,0.0716,0.05072,0.0494,0.02687,0.05673,0.0706,0.0709,0.06192,0.1545,0.09595,0.0966,0.0668
1653000,Угловский муниципальный район,male,2019,0.05798,0.0799,0.07104,0.06235,0.0524,0.04526,0.06198,0.07104,0.07104,0.0643,0.1381,0.0862,0.0853,0.0531
1654000,Усть-Калманский муниципальный район,female,2019,0.04926,0.0582,0.05142,0.0494,0.04465,0.0242,0.05487,0.06586,0.0732,0.06006,0.165,0.1091,0.1099,0.08484
1654000,Усть-Калманский муниципальный район,male,2019,0.05634,0.0671,0.05975,0.0566,0.05453,0.04,0.05933,0.06696,0.0758,0.05933,0.1453,0.0969,0.1008,0.06128
1655000,Усть-Пристанский муниципальный район,female,2019,0.05286,0.0656,0.04694,0.04825,0.04324,0.01276,0.02939,0.05713,0.06726,0.0708,0.1714,0.1122,0.1298,0.0924
1655000,Усть-Пристанский муниципальный район,male,2019,0.06204,0.06107,0.05698,0.0436,0.04767,0.02113,0.0407,0.05777,0.0754,0.0692,0.1661,0.1103,0.11536,0.0727
1656000,Хабарский муниципальный район,female,2019,0.05737,0.0657,0.0609,0.0522,0.0488,0.01968,0.04404,0.06866,0.07355,0.0612,0.1609,0.106,0.1107,0.0703
1656000,Хабарский муниципальный район,male,2019,0.06476,0.0744,0.0674,0.05276,0.05234,0.0316,0.0516,0.06946,0.0715,0.0604,0.146,0.0969,0.0968,0.064
1657000,Целинный муниципальный район,female,2019,0.05942,0.0653,0.05682,0.05682,0.05255,0.02333,0.04706,0.063,0.0752,0.07367,0.1427,0.0917,0.1021,0.0903
1657000,Целинный муниципальный район,male,2019,0.0639,0.07733,0.0667,0.065,0.04932,0.03604,0.05328,0.06616,0.0691,0.07294,0.1322,0.0865,0.0941,0.06744
1658000,Чарышский муниципальный район,female,2019,0.06384,0.0705,0.06635,0.04584,0.06058,0.0169,0.04907,0.0665,0.0728,0.0721,0.1469,0.096,0.09406,0.07855
1658000,Чарышский муниципальный район,male,2019,0.07166,0.0744,0.0699,0.0505,0.05646,0.04056,0.0583,0.0695,0.0733,0.0641,0.1409,0.08905,0.0825,0.059
1659000,Шипуновский муниципальный район,female,2019,0.04428,0.05396,0.053,0.04434,0.0448,0.03162,0.0698,0.0954,0.08026,0.0698,0.1498,0.09576,0.0984,0.0687
1659000,Шипуновский муниципальный район,male,2019,0.0586,0.0741,0.0629,0.05188,0.04953,0.04208,0.06396,0.07654,0.0735,0.06073,0.1392,0.09344,0.09186,0.0616
1660000,Немецкий национальный муниципальный район,female,2019,0.0648,0.0799,0.0739,0.05667,0.05655,0.02156,0.0592,0.06995,0.07007,0.06195,0.143,0.0906,0.0827,0.06915
1660000,Немецкий национальный муниципальный район,male,2019,0.0681,0.08154,0.084,0.06445,0.06555,0.03848,0.06415,0.0675,0.06866,0.0584,0.1287,0.084,0.0763,0.0501
1701000,город Барнаул,female,2019,0.05795,0.05536,0.0453,0.0442,0.04077,0.10114,0.1024,0.0878,0.0762,0.06744,0.11365,0.06946,0.0737,0.0646
1701000,город Барнаул,male,2019,0.0708,0.0672,0.05664,0.0527,0.0493,0.0931,0.10583,0.09436,0.0779,0.0666,0.10406,0.0612,0.0568,0.04364
1703000,город Алейск,female,2019,0.0639,0.07733,0.069,0.04837,0.0455,0.04938,0.0907,0.0904,0.06946,0.05518,0.1138,0.07446,0.08624,0.0663
1703000,город Алейск,male,2019,0.06088,0.06964,0.06335,0.1047,0.1604,0.07715,0.07214,0.078,0.05554,0.04398,0.07806,0.04953,0.05087,0.0357
1704000,город Белокуриха,female,2019,0.0631,0.06213,0.05157,0.0454,0.03827,0.0288,0.0762,0.09955,0.08887,0.07385,0.1263,0.07965,0.09204,0.0742
1704000,город Белокуриха,male,2019,0.06445,0.0788,0.0675,0.04605,0.03156,0.0601,0.0786,0.08545,0.0892,0.0731,0.1187,0.07513,0.0727,0.05865
1705000,город Бийск,female,2019,0.05368,0.05948,0.04938,0.0432,0.03946,0.0735,0.08344,0.08344,0.0786,0.0696,0.1266,0.0792,0.08636,0.0741
1705000,город Бийск,male,2019,0.06537,0.07416,0.06244,0.05518,0.05038,0.0733,0.0939,0.08636,0.0764,0.06824,0.10986,0.06604,0.0661,0.05222
1706000,город Заринск,female,2019,0.05234,0.0608,0.06104,0.04608,0.0365,0.03168,0.0754,0.0894,0.07587,0.06128,0.1337,0.09454,0.10223,0.0793
1706000,город Заринск,male,2019,0.06216,0.07874,0.0724,0.041,0.02148,0.0656,0.0919,0.1025,0.0784,0.0591,0.11285,0.07416,0.0834,0.0564
1713000,город Новоалтайск,female,2019,0.0659,0.0714,0.05142,0.04498,0.0329,0.06506,0.08966,0.0845,0.0753,0.06665,0.12274,0.07635,0.0853,0.06775
1713000,город Новоалтайск,male,2019,0.07495,0.0766,0.06247,0.036,0.01811,0.0927,0.1046,0.1009,0.08276,0.0679,0.11053,0.0669,0.06192,0.04376
1716000,город Рубцовск,female,2019,0.05002,0.0603,0.05124,0.04532,0.0398,0.0657,0.07983,0.08167,0.0763,0.0689,0.1295,0.0813,0.09247,0.07776
1716000,город Рубцовск,male,2019,0.05087,0.0625,0.0536,0.0459,0.04587,0.08075,0.1117,0.1029,0.0839,0.068,0.1143,0.0692,0.0633,0.0472
1719000,город Славгород,female,2019,0.0572,0.05466,0.0582,0.0644,0.05038,0.06915,0.07166,0.0776,0.0726,0.06366,0.1256,0.08075,0.0854,0.0687
1719000,город Славгород,male,2019,0.0658,0.0724,0.0715,0.05612,0.03687,0.0823,0.08844,0.0783,0.0733,0.0668,0.11615,0.0717,0.0719,0.04843
1730000,город Яровое,female,2019,0.03192,0.05048,0.0497,0.05292,0.03845,0.05133,0.0655,0.0678,0.0692,0.06903,0.1466,0.0936,0.11505,0.0984
1730000,город Яровое,male,2019,0.0427,0.05984,0.0647,0.05234,0.02669,0.0751,0.08295,0.0726,0.07214,0.0643,0.1427,0.0881,0.086,0.0699
1755000,ЗАТО Сибирский,female,2019,0.07837,0.0807,0.0721,0.05157,0.04947,0.07544,0.11884,0.0972,0.08276,0.05954,0.10144,0.05954,0.04968,0.02327
1755000,ЗАТО Сибирский,male,2019,0.0524,0.05777,0.04514,0.1877,0.28,0.0766,0.05563,0.05966,0.04892,0.03009,0.04797,0.02821,0.02083,0.009
3601000,Абинский муниципальный район,female,2019,0.0628,0.0666,0.0572,0.04953,0.0446,0.05637,0.07196,0.0715,0.07007,0.06366,0.1342,0.0822,0.08575,0.0836
3601000,Абинский муниципальный район,male,2019,0.0674,0.07336,0.0625,0.05545,0.04886,0.0671,0.08124,0.0756,0.07196,0.06525,0.1218,0.0761,0.0701,0.06323
3605000,Апшеронский муниципальный район,female,2019,0.0557,0.06757,0.06125,0.0568,0.05295,0.05716,0.0722,0.072,0.0683,0.0662,0.132,0.08185,0.0816,0.0744
3605000,Апшеронский муниципальный район,male,2019,0.06186,0.0725,0.0637,0.05334,0.051,0.0737,0.0864,0.08405,0.07623,0.0711,0.11993,0.07117,0.0619,0.05307
3607000,Белоглинский муниципальный район,female,2019,0.0585,0.0621,0.0571,0.04602,0.04526,0.0535,0.06995,0.0706,0.0705,0.0684,0.1512,0.088,0.08545,0.0733
3607000,Белоглинский муниципальный район,male,2019,0.0662,0.07025,0.0631,0.04926,0.05435,0.06158,0.0782,0.07733,0.0671,0.06604,0.1406,0.08325,0.0699,0.05286
3608000,Белореченский муниципальный район,female,2019,0.0698,0.07385,0.0629,0.0522,0.05206,0.06354,0.0772,0.075,0.0678,0.0653,0.1242,0.07416,0.07544,0.0664
3608000,Белореченский муниципальный район,male,2019,0.079,0.08734,0.07385,0.05753,0.05594,0.0745,0.08215,0.0795,0.0683,0.06137,0.1098,0.0649,0.05878,0.04706
3610000,Брюховецкий муниципальный район,female,2019,0.0574,0.05762,0.05524,0.04987,0.05267,0.05066,0.05975,0.07166,0.074,0.07495,0.1471,0.0885,0.08453,0.07605
3610000,Брюховецкий муниципальный район,male,2019,0.06287,0.065,0.06354,0.05832,0.0592,0.06946,0.07623,0.07587,0.07104,0.0713,0.1257,0.0742,0.0702,0.05707
3612000,Выселковский муниципальный район,female,2019,0.0599,0.0592,0.05493,0.04996,0.04935,0.05743,0.06854,0.07526,0.07404,0.0712,0.1415,0.0857,0.08105,0.0719
3612000,Выселковский муниципальный район,male,2019,0.06775,0.0697,0.0662,0.05548,0.05383,0.06476,0.07764,0.0766,0.0742,0.06946,0.1295,0.0772,0.06586,0.05173
3613000,Гулькевичский муниципальный район,female,2019,0.05893,0.06274,0.05618,0.0509,0.04654,0.0644,0.07416,0.0758,0.0716,0.0663,0.1349,0.0831,0.0792,0.0752
3613000,Гулькевичский муниципальный район,male,2019,0.0647,0.06934,0.0657,0.0546,0.0512,0.0761,0.08417,0.07965,0.0737,0.0666,0.12195,0.07245,0.0659,0.0539
3614000,Динской муниципальный район,female,2019,0.05756,0.0644,0.0547,0.0482,0.04828,0.0635,0.08716,0.0825,0.0747,0.06573,0.1317,0.0796,0.0759,0.06604
3614000,Динской муниципальный район,male,2019,0.0704,0.0707,0.06168,0.05527,0.04987,0.06903,0.08984,0.0869,0.0768,0.0671,0.1188,0.07153,0.06305,0.04922
3616000,Ейский муниципальный район,female,2019,0.04425,0.0479,0.04916,0.04648,0.04556,0.063,0.06976,0.07605,0.07367,0.0766,0.1447,0.08954,0.0861,0.0873
3616000,Ейский муниципальный район,male,2019,0.052,0.05634,0.05447,0.05264,0.04675,0.0954,0.0847,0.07837,0.07196,0.0708,0.1292,0.07654,0.06946,0.06128
3618000,Кавказский муниципальный район,female,2019,0.0518,0.0572,0.05737,0.05176,0.05188,0.06976,0.07605,0.07434,0.0712,0.0699,0.1339,0.082,0.0771,0.07587
3618000,Кавказский муниципальный район,male,2019,0.06635,0.0708,0.06714,0.0552,0.04953,0.071,0.08105,0.0784,0.0753,0.06866,0.1222,0.0733,0.0647,0.0562
3619000,Калининский муниципальный район,female,2019,0.05878,0.0574,0.0541,0.052,0.05194,0.05823,0.07556,0.0748,0.06964,0.0696,0.1444,0.0884,0.0751,0.07
3619000,Калининский муниципальный район,male,2019,0.05984,0.0686,0.06158,0.0576,0.05463,0.06198,0.0871,0.0795,0.07404,0.0672,0.1321,0.0802,0.0672,0.04834
3620000,Каневской муниципальный район,female,2019,0.05188,0.0618,0.0575,0.05032,0.051,0.05502,0.0771,0.07526,0.0733,0.0717,0.1443,0.0869,0.07574,0.0682
3620000,Каневской муниципальный район,male,2019,0.0588,0.06665,0.0663,0.05777,0.05328,0.0651,0.0799,0.07684,0.0744,0.0699,0.1343,0.08057,0.0646,0.0517
3621000,Кореновский муниципальный район,female,2019,0.05423,0.05853,0.05463,0.049,0.04968,0.0623,0.07336,0.0723,0.0717,0.07086,0.141,0.08673,0.0823,0.0735
3621000,Кореновский муниципальный район,male,2019,0.06213,0.07,0.06155,0.05417,0.0517,0.0733,0.0862,0.0803,0.07086,0.0699,0.1263,0.077,0.06433,0.05212
3623000,Красноармейский муниципальный район,female,2019,0.0568,0.0636,0.05914,0.05026,0.0486,0.05338,0.06976,0.0768,0.07336,0.06934,0.1382,0.08356,0.0826,0.07465
3623000,Красноармейский муниципальный район,male,2019,0.0634,0.0715,0.0638,0.05484,0.05106,0.06476,0.0804,0.0783,0.07367,0.06836,0.1272,0.0756,0.06976,0.05734
3624000,Крыловский муниципальный район,female,2019,0.05972,0.0652,0.05905,0.05374,0.0517,0.0608,0.0718,0.0679,0.06647,0.0698,0.1495,0.09125,0.0717,0.06137
3624000,Крыловский муниципальный район,male,2019,0.0697,0.0723,0.0652,0.05374,0.05496,0.06494,0.08795,0.0728,0.064,0.0663,0.1343,0.0825,0.06537,0.0458
3625000,Крымский муниципальный район,female,2019,0.06116,0.06396,0.05814,0.0515,0.04776,0.05966,0.0751,0.0735,0.0722,0.06537,0.1321,0.08234,0.0832,0.07404
3625000,Крымский муниципальный район,male,2019,0.06775,0.07117,0.06177,0.0549,0.05142,0.075,0.086,0.07886,0.07324,0.06384,0.1208,0.07294,0.0669,0.05533
3627000,Курганинский муниципальный район,female,2019,0.0601,0.0707,0.0651,0.05618,0.05194,0.05542,0.07135,0.0718,0.07104,0.0679,0.1306,0.08014,0.0783,0.06946
3627000,Курганинский муниципальный район,male,2019,0.0697,0.0786,0.0707,0.0607,0.05463,0.0716,0.08,0.0749,0.0712,0.068,0.11694,0.0704,0.0625,0.05017
3628000,Кущевский муниципальный район,female,2019,0.05377,0.06174,0.0576,0.051,0.05063,0.05536,0.0751,0.07263,0.0753,0.0703,0.1407,0.0862,0.08057,0.0691
3628000,Кущевский муниципальный район,male,2019,0.05948,0.07227,0.06885,0.05292,0.0539,0.06525,0.08136,0.0752,0.0763,0.07104,0.1313,0.0788,0.06396,0.04938
3630000,Лабинский муниципальный район,female,2019,0.0631,0.06247,0.0591,0.05618,0.05194,0.05447,0.0671,0.0749,0.07416,0.07043,0.1344,0.08154,0.0763,0.07385
3630000,Лабинский муниципальный район,male,2019,0.07434,0.0743,0.06647,0.0592,0.05978,0.0774,0.07495,0.0749,0.0705,0.06775,0.1174,0.0711,0.05988,0.0521
3632000,Ленинградский муниципальный район,female,2019,0.05234,0.06235,0.05835,0.06058,0.05725,0.06186,0.0631,0.06433,0.0707,0.0678,0.1436,0.0899,0.0778,0.07
3632000,Ленинградский муниципальный район,male,2019,0.06396,0.073,0.0635,0.05975,0.06216,0.06854,0.07446,0.07416,0.0702,0.0661,0.1287,0.0783,0.0649,0.05225
3633000,Мостовский муниципальный район,female,2019,0.05542,0.0637,0.0642,0.05573,0.05124,0.05405,0.0673,0.07465,0.07214,0.0666,0.1378,0.08453,0.0802,0.0724
3633000,Мостовский муниципальный район,male,2019,0.06238,0.0731,0.072,0.06216,0.0568,0.0619,0.0763,0.07587,0.07043,0.0672,0.1246,0.0752,0.06714,0.05484
3634000,Новокубанский муниципальный район,female,2019,0.059,0.0625,0.059,0.05472,0.0545,0.06,0.07513,0.07184,0.0716,0.07056,0.1353,0.0831,0.07526,0.06744
3634000,Новокубанский муниципальный район,male,2019,0.0696,0.07355,0.0669,0.06287,0.0585,0.0707,0.07605,0.0743,0.0689,0.066,0.124,0.07526,0.06287,0.05045
3635000,Новопокровский муниципальный район,female,2019,0.0531,0.06094,0.05548,0.04816,0.04697,0.05746,0.06903,0.0674,0.0732,0.0736,0.1514,0.0941,0.0767,0.0726
3635000,Новопокровский муниципальный район,male,2019,0.06445,0.06757,0.0628,0.0571,0.056,0.06885,0.07697,0.06915,0.07056,0.0705,0.1418,0.0841,0.0628,0.0473
3637000,Отрадненский муниципальный район,female,2019,0.05832,0.06744,0.0592,0.06003,0.0545,0.0616,0.0743,0.07306,0.0754,0.067,0.129,0.07635,0.07654,0.0672
3637000,Отрадненский муниципальный район,male,2019,0.06757,0.0728,0.0639,0.05768,0.0593,0.06805,0.082,0.07587,0.0704,0.0677,0.1259,0.0738,0.06696,0.04816
3639000,Павловский муниципальный район,female,2019,0.05005,0.06006,0.05627,0.05173,0.0494,0.05286,0.07355,0.0745,0.0748,0.0701,0.1436,0.0869,0.0821,0.07404
3639000,Павловский муниципальный район,male,2019,0.0562,0.0676,0.06366,0.05594,0.05658,0.06494,0.0765,0.07874,0.071,0.0734,0.134,0.0792,0.06836,0.05368
3641000,Приморско-Ахтарский муниципальный район,female,2019,0.04694,0.0535,0.05356,0.0461,0.046,0.04712,0.06366,0.07007,0.0681,0.0716,0.1527,0.09436,0.0955,0.0908
3641000,Приморско-Ахтарский муниципальный район,male,2019,0.04926,0.05948,0.05313,0.04987,0.04813,0.0666,0.08813,0.0806,0.07227,0.06995,0.138,0.08514,0.073,0.0664
3643000,Северский муниципальный район,female,2019,0.0592,0.06055,0.05762,0.04858,0.04596,0.0626,0.0849,0.07996,0.07544,0.06714,0.1263,0.0782,0.0788,0.0747
3643000,Северский муниципальный район,male,2019,0.0665,0.06866,0.0632,0.05353,0.04828,0.0676,0.08887,0.0896,0.0785,0.06915,0.1147,0.06995,0.0646,0.05698
3645000,Славянский муниципальный район,female,2019,0.05554,0.06076,0.05585,0.05063,0.0458,0.07404,0.08026,0.07916,0.07,0.0656,0.1326,0.08136,0.078,0.0704
3645000,Славянский муниципальный район,male,2019,0.0621,0.0708,0.0649,0.0572,0.0486,0.0771,0.0832,0.08386,0.0713,0.06555,0.11993,0.07275,0.06635,0.05643
3647000,Староминский муниципальный район,female,2019,0.05548,0.0642,0.05994,0.04617,0.04572,0.05542,0.07263,0.07776,0.0759,0.06775,0.14,0.08704,0.0779,0.07416
3647000,Староминский муниципальный район,male,2019,0.063,0.0717,0.06525,0.05807,0.05566,0.0647,0.07764,0.07526,0.07635,0.07245,0.1254,0.07574,0.0633,0.05554
3649000,Тбилисский муниципальный район,female,2019,0.05588,0.0626,0.057,0.0513,0.05188,0.0573,0.07166,0.0698,0.0741,0.06775,0.141,0.0891,0.0816,0.069
3649000,Тбилисский муниципальный район,male,2019,0.05872,0.06964,0.0666,0.05856,0.05545,0.0665,0.0772,0.0749,0.0709,0.0652,0.1301,0.0804,0.0705,0.05536
3651000,Темрюкский муниципальный район,female,2019,0.05658,0.05978,0.0541,0.0466,0.0481,0.05634,0.07794,0.07544,0.0747,0.071,0.135,0.08203,0.08405,0.0783
3651000,Темрюкский муниципальный район,male,2019,0.06665,0.0668,0.0626,0.0491,0.04932,0.0706,0.08795,0.0801,0.07434,0.06995,0.12225,0.07465,0.068,0.05768
3653000,Тимашевский муниципальный район,female,2019,0.06635,0.07446,0.06042,0.05167,0.04654,0.0529,0.0704,0.07294,0.07135,0.0688,0.1349,0.08203,0.0765,0.07086
3653000,Тимашевский муниципальный район,male,2019,0.0753,0.0838,0.06635,0.05734,0.0506,0.0673,0.0823,0.078,0.071,0.06647,0.11914,0.07166,0.06018,0.05057
3654000,Тихорецкий муниципальный район,female,2019,0.05524,0.0618,0.05588,0.0485,0.0485,0.05743,0.06775,0.07104,0.0731,0.07007,0.1418,0.0869,0.08374,0.07825
3654000,Тихорецкий муниципальный район,male,2019,0.06396,0.0709,0.0628,0.05582,0.05392,0.07294,0.07947,0.0746,0.0744,0.0677,0.1242,0.0752,0.06805,0.056
3655000,Туапсинский муниципальный район,female,2019,0.0591,0.05948,0.05203,0.04614,0.04187,0.05508,0.0777,0.0801,0.0773,0.0705,0.1383,0.0828,0.08356,0.07605
3655000,Туапсинский муниципальный район,male,2019,0.066,0.0704,0.0634,0.0517,0.0454,0.06683,0.08405,0.0814,0.0777,0.07446,0.1228,0.0731,0.06665,0.056
3656000,Успенский муниципальный район,female,2019,0.0656,0.0644,0.06354,0.0534,0.05664,0.06192,0.07806,0.07043,0.07336,0.0664,0.1292,0.0756,0.07434,0.0671
3656000,Успенский муниципальный район,male,2019,0.0776,0.07666,0.0719,0.05515,0.05844,0.06946,0.07996,0.077,0.0704,0.06793,0.11694,0.06915,0.06433,0.0451
3657000,Усть-Лабинский муниципальный район,female,2019,0.05978,0.06396,0.05496,0.04617,0.04617,0.05853,0.07,0.07635,0.07544,0.0709,0.1405,0.0842,0.0782,0.07477
3657000,Усть-Лабинский муниципальный район,male,2019,0.06335,0.0665,0.05948,0.04715,0.04575,0.063,0.0819,0.08716,0.0824,0.0765,0.1312,0.07794,0.06445,0.0532
3659000,Щербиновский муниципальный район,female,2019,0.0506,0.05563,0.06,0.05734,0.04956,0.0479,0.06885,0.0677,0.0738,0.07446,0.147,0.0867,0.0806,0.0799
3659000,Щербиновский муниципальный район,male,2019,0.05588,0.0652,0.06537,0.0603,0.05765,0.0553,0.07336,0.0758,0.06757,0.0738,0.1423,0.08746,0.0656,0.0545
3701000,город Краснодар,female,2019,0.0705,0.05453,0.04395,0.04056,0.04733,0.08997,0.1067,0.0936,0.07654,0.0679,0.11633,0.0688,0.0642,0.05914
3701000,город Краснодар,male,2019,0.08606,0.0667,0.05417,0.05188,0.0562,0.0865,0.1041,0.096,0.07904,0.0685,0.10266,0.05762,0.04962,0.041
3703000,город-курорт Анапа,female,2019,0.0647,0.05423,0.0513,0.04337,0.0423,0.0653,0.0866,0.08325,0.0747,0.0652,0.1327,0.08185,0.0837,0.07086
3703000,город-курорт Анапа,male,2019,0.07605,0.066,0.06104,0.04895,0.04422,0.08344,0.0882,0.0802,0.0733,0.06586,0.11743,0.0713,0.0665,0.05756
3705000,город Армавир,female,2019,0.05014,0.04785,0.0503,0.04724,0.0516,0.1057,0.0962,0.08044,0.07153,0.07526,0.121,0.0711,0.06525,0.06635
3705000,город Армавир,male,2019,0.0589,0.05392,0.05908,0.05853,0.0633,0.0918,0.0983,0.08575,0.0743,0.0735,0.1148,0.06696,0.0537,0.04715
3708000,город-курорт Геленджик,female,2019,0.06235,0.05215,0.04715,0.03918,0.03592,0.05453,0.0894,0.0877,0.07855,0.0693,0.1393,0.08563,0.0833,0.0755
3708000,город-курорт Геленджик,male,2019,0.0746,0.0638,0.05768,0.0458,0.03995,0.06192,0.0869,0.08887,0.07935,0.06775,0.1262,0.07605,0.07166,0.0595
3709000,город Горячий Ключ,female,2019,0.06464,0.06015,0.0585,0.04678,0.0437,0.05948,0.08093,0.0801,0.07166,0.0604,0.1279,0.08246,0.08636,0.07697
3709000,город Горячий Ключ,male,2019,0.0717,0.0666,0.06158,0.05246,0.04367,0.0854,0.0956,0.07996,0.07056,0.05624,0.11273,0.0701,0.0721,0.0613
3720000,город Новороссийск,female,2019,0.05463,0.05017,0.046,0.0424,0.04428,0.07196,0.0978,0.0939,0.0806,0.07294,0.1283,0.0772,0.0735,0.06635
3720000,город Новороссийск,male,2019,0.062,0.05746,0.05258,0.05463,0.06012,0.07886,0.1001,0.09436,0.0812,0.0728,0.11566,0.06696,0.0552,0.04813
3726000,город-курорт Сочи,female,2019,0.06976,0.0593,0.04706,0.0395,0.0398,0.06384,0.09674,0.0938,0.0814,0.07104,0.1266,0.0753,0.0715,0.0644
3726000,город-курорт Сочи,male,2019,0.08636,0.07214,0.05682,0.046,0.04437,0.0639,0.09393,0.0931,0.08136,0.0728,0.11676,0.0679,0.0572,0.04742
5602000,Анучинский муниципальный район,female,2019,0.0713,0.0662,0.0697,0.05582,0.047,0.03738,0.0486,0.05875,0.0664,0.0702,0.1409,0.0904,0.09515,0.0823
5602000,Анучинский муниципальный район,male,2019,0.07544,0.0705,0.06506,0.0708,0.08575,0.07153,0.05905,0.06305,0.06445,0.05643,0.12244,0.07434,0.0663,0.05487
5607000,Дальнереченский муниципальный район,female,2019,0.0613,0.06903,0.0647,0.06152,0.05087,0.0302,0.04132,0.0731,0.0767,0.0731,0.1436,0.0895,0.09174,0.07336
5607000,Дальнереченский муниципальный район,male,2019,0.05862,0.0701,0.067,0.0829,0.09607,0.03748,0.0513,0.0634,0.0789,0.0659,0.1294,0.0739,0.0697,0.05527
5610000,Кавалеровский муниципальный район,female,2019,0.0559,0.06287,0.0554,0.05167,0.0439,0.02994,0.05435,0.0695,0.0783,0.0732,0.1396,0.0845,0.0998,0.101
5610000,Кавалеровский муниципальный район,male,2019,0.06287,0.0766,0.0676,0.06082,0.06082,0.0488,0.056,0.0705,0.0791,0.0678,0.12463,0.0758,0.0763,0.07227
5612000,Кировский муниципальный район,female,2019,0.06506,0.0753,0.06256,0.0575,0.04993,0.02792,0.0453,0.0586,0.08057,0.0672,0.1392,0.0873,0.1006,0.0829
5612000,Кировский муниципальный район,male,2019,0.07007,0.0778,0.0722,0.0694,0.0786,0.0473,0.05106,0.066,0.0676,0.0648,0.1237,0.0758,0.07654,0.0591
5614000,Красноармейский муниципальный район,female,2019,0.0653,0.0688,0.06854,0.0629,0.0492,0.02339,0.04968,0.0728,0.0775,0.06793,0.1388,0.085,0.0901,0.08
5614000,Красноармейский муниципальный район,male,2019,0.07416,0.0697,0.07135,0.06995,0.08136,0.03796,0.05765,0.069,0.07947,0.06714,0.12085,0.07416,0.07086,0.05637
5617000,Лазовский муниципальный район,female,2019,0.05417,0.0565,0.05017,0.05286,0.05402,0.0354,0.05316,0.06064,0.0763,0.07214,0.1487,0.0899,0.0997,0.0964
5617000,Лазовский муниципальный район,male,2019,0.05716,0.06143,0.05508,0.0538,0.07495,0.05014,0.0605,0.0748,0.0748,0.0745,0.1365,0.08325,0.078,0.0651
5620000,Михайловский муниципальный район,female,2019,0.0653,0.05856,0.05618,0.04224,0.04648,0.04086,0.06274,0.0724,0.0852,0.07684,0.1455,0.08704,0.0869,0.0738
5620000,Михайловский муниципальный район,male,2019,0.0798,0.07416,0.0648,0.06198,0.08,0.04822,0.06058,0.066,0.0755,0.06506,0.1268,0.0722,0.06946,0.05554
5623000,Надеждинский муниципальный район,female,2019,0.06183,0.0657,0.05573,0.04257,0.049,0.05273,0.073,0.0755,0.0727,0.0647,0.1354,0.0832,0.08276,0.0852
5623000,Надеждинский муниципальный район,male,2019,0.06506,0.0656,0.05853,0.0641,0.0764,0.07605,0.08044,0.07764,0.0693,0.06323,0.1175,0.0701,0.06354,0.05255
5626000,Октябрьский муниципальный район,female,2019,0.0665,0.07007,0.05713,0.04877,0.04883,0.03943,0.06714,0.07404,0.0834,0.06995,0.133,0.0805,0.0841,0.0771
5626000,Октябрьский муниципальный район,male,2019,0.07025,0.07263,0.06274,0.0629,0.0715,0.07947,0.08026,0.078,0.0709,0.06464,0.10944,0.0661,0.0637,0.04745
5628000,Ольгинский муниципальный район,female,2019,0.05307,0.06058,0.05966,0.0524,0.04468,0.04947,0.05307,0.0626,0.081,0.07666,0.1382,0.0819,0.0912,0.0955
5628000,Ольгинский муниципальный район,male,2019,0.05658,0.05524,0.05725,0.0626,0.07654,0.06198,0.05725,0.0745,0.08575,0.0694,0.1224,0.07544,0.08307,0.06198
5630000,Партизанский муниципальный район,female,2019,0.062,0.066,0.0633,0.04803,0.0515,0.05072,0.0674,0.07043,0.07513,0.0715,0.1337,0.0792,0.0827,0.0785
5630000,Партизанский муниципальный район,male,2019,0.05453,0.0566,0.0474,0.05878,0.06604,0.0525,0.09076,0.10455,0.09534,0.0809,0.1181,0.06616,0.0607,0.04764
5632000,Пограничный муниципальный район,female,2019,0.07336,0.0758,0.07025,0.05554,0.04987,0.0399,0.0754,0.08203,0.0809,0.0728,0.12366,0.06915,0.0712,0.06006
5632000,Пограничный муниципальный район,male,2019,0.0573,0.0647,0.05426,0.0493,0.0566,0.1671,0.1338,0.0715,0.06775,0.0567,0.0923,0.05356,0.04364,0.03146
5634000,Пожарский муниципальный район,female,2019,0.06198,0.05573,0.05786,0.0533,0.04965,0.02475,0.05823,0.07416,0.07983,0.0749,0.1471,0.09235,0.0907,0.07947
5634000,Пожарский муниципальный район,male,2019,0.0667,0.06616,0.0649,0.06573,0.05988,0.03558,0.057,0.0791,0.08636,0.0782,0.1277,0.0763,0.0765,0.05997
5637000,Спасский муниципальный район,female,2019,0.0657,0.06866,0.05933,0.0584,0.0565,0.05997,0.05624,0.06168,0.0711,0.06604,0.1346,0.08105,0.0857,0.07513
5637000,Спасский муниципальный район,male,2019,0.0519,0.0572,0.05032,0.06018,0.07336,0.06464,0.0999,0.10034,0.0812,0.0729,0.1154,0.0677,0.05954,0.04553
5640000,Тернейский муниципальный район,female,2019,0.0507,0.06976,0.06155,0.05368,0.04883,0.01703,0.06323,0.0761,0.0881,0.0715,0.1462,0.0885,0.0911,0.0737
5640000,Тернейский муниципальный район,male,2019,0.05957,0.0671,0.073,0.05368,0.0592,0.0342,0.0636,0.0855,0.07446,0.08124,0.1329,0.0787,0.0765,0.0603
5646000,Ханкайский муниципальный район,female,2019,0.0626,0.07434,0.06174,0.04843,0.04785,0.04428,0.07367,0.06305,0.07214,0.0735,0.1399,0.0808,0.0814,0.07635
5646000,Ханкайский муниципальный район,male,2019,0.0619,0.0671,0.0566,0.0672,0.0722,0.09875,0.09155,0.0689,0.066,0.06134,0.1108,0.07,0.0601,0.0476
5648000,Хасанский муниципальный район,female,2019,0.06537,0.06793,0.05984,0.05154,0.04324,0.03183,0.06476,0.0756,0.0804,0.07477,0.1332,0.0816,0.082,0.08795
5648000,Хасанский муниципальный район,male,2019,0.056,0.06067,0.05286,0.04593,0.0435,0.1511,0.11707,0.08215,0.0727,0.0634,0.0986,0.05768,0.05368,0.04474
