oktmo,name,gender,year,0-4,5-9,10-14,15-19,20-24,25-29,30-34,35-39,40-44,45-49,50-54,55-59,60-64,65-69
1601000,Алейский муниципальный район,female,2021,0.0499,0.07117,0.0609,0.0457,0.0516,0.02238,0.02301,0.05252,0.0634,0.07043,0.1575,0.10333,0.1287,0.0995
1601000,Алейский муниципальный район,male,2021,0.0579,0.07764,0.0731,0.0499,0.05225,0.0422,0.0447,0.0488,0.06335,0.0737,0.1368,0.0871,0.11597,0.07654
1602000,Алтайский муниципальный район,female,2021,0.05182,0.0703,0.064,0.05875,0.05222,0.05182,0.0588,0.078,0.07434,0.07135,0.1189,0.07166,0.09503,0.083
1602000,Алтайский муниципальный район,male,2021,0.06165,0.07874,0.07587,0.0658,0.04895,0.0693,0.06287,0.08185,0.07434,0.0648,0.1049,0.06305,0.08417,0.0637
1603000,Баевский муниципальный район,female,2021,0.04904,0.07043,0.0707,0.04855,0.04428,0.02737,0.02785,0.0557,0.064,0.0733,0.1466,0.0931,0.1321,0.09686
1603000,Баевский муниципальный район,male,2021,0.05862,0.07666,0.07056,0.0518,0.04822,0.0297,0.0391,0.05914,0.0637,0.081,0.1442,0.09186,0.11444,0.07104
1604000,Бийский муниципальный район,female,2021,0.0533,0.07904,0.06384,0.0494,0.044,0.03726,0.05127,0.0604,0.0741,0.0706,0.1335,0.081,0.1048,0.0974
1604000,Бийский муниципальный район,male,2021,0.0597,0.08575,0.06793,0.0533,0.05084,0.0557,0.0691,0.0711,0.0669,0.06604,0.1163,0.0714,0.0896,0.07635
1605000,Благовещенский муниципальный район,female,2021,0.0472,0.0692,0.0678,0.05133,0.0538,0.05206,0.0528,0.0739,0.07587,0.06964,0.1267,0.08014,0.1008,0.0787
1605000,Благовещенский муниципальный район,male,2021,0.05542,0.07965,0.07916,0.05978,0.0378,0.05905,0.0807,0.07355,0.0711,0.075,0.11456,0.0708,0.0855,0.05786
1606000,Бурлинский муниципальный район,female,2021,0.03992,0.067,0.0769,0.05463,0.05295,0.02017,0.03635,0.0607,0.0721,0.07837,0.1504,0.0966,0.1113,0.0826
1606000,Бурлинский муниципальный район,male,2021,0.05017,0.07117,0.07166,0.06024,0.06744,0.0355,0.04535,0.06046,0.07184,0.0703,0.1442,0.0907,0.0957,0.0653
1607000,Быстроистокский муниципальный район,female,2021,0.0503,0.0791,0.0687,0.05432,0.04446,0.0316,0.02805,0.06064,0.06216,0.0811,0.1377,0.0849,0.10815,0.10864
1607000,Быстроистокский муниципальный район,male,2021,0.05563,0.08075,0.0753,0.0613,0.05847,0.05072,0.03882,0.05228,0.0735,0.06854,0.1242,0.0745,0.10016,0.0859
1608000,Волчихинский муниципальный район,female,2021,0.05286,0.0696,0.0724,0.057,0.04843,0.04074,0.05112,0.0636,0.0811,0.07465,0.1317,0.081,0.09686,0.0789
1608000,Волчихинский муниципальный район,male,2021,0.0634,0.0738,0.0809,0.0607,0.05197,0.0494,0.0639,0.0697,0.07623,0.07367,0.1177,0.0712,0.0839,0.06366
1609000,Егорьевский муниципальный район,female,2021,0.05402,0.07544,0.0724,0.06064,0.04315,0.03552,0.0384,0.06525,0.0698,0.0756,0.1359,0.08203,0.1106,0.08124
1609000,Егорьевский муниципальный район,male,2021,0.05576,0.07965,0.06525,0.0702,0.04712,0.06015,0.0524,0.06137,0.0735,0.067,0.1248,0.0735,0.10004,0.0693
1610000,Ельцовский муниципальный район,female,2021,0.04385,0.06995,0.06995,0.04385,0.04004,0.02193,0.03793,0.06232,0.0703,0.0731,0.1459,0.0926,0.1239,0.10443
1610000,Ельцовский муниципальный район,male,2021,0.05255,0.07666,0.073,0.0511,0.0482,0.03029,0.05328,0.06824,0.0679,0.07043,0.1313,0.0832,0.10913,0.08466
1611000,Завьяловский муниципальный район,female,2021,0.04745,0.06207,0.0627,0.05228,0.053,0.02548,0.03284,0.0653,0.0775,0.08246,0.1417,0.0922,0.1187,0.0862
1611000,Завьяловский муниципальный район,male,2021,0.05292,0.07654,0.0762,0.05835,0.06052,0.03867,0.03952,0.05746,0.0724,0.0763,0.1315,0.07983,0.1122,0.0677
1612000,Залесовский муниципальный район,female,2021,0.05005,0.0807,0.0653,0.05383,0.0455,0.02715,0.03986,0.06042,0.0736,0.0756,0.1416,0.0893,0.11176,0.0854
1612000,Залесовский муниципальный район,male,2021,0.05734,0.07745,0.0688,0.06213,0.04312,0.04855,0.05148,0.0677,0.0693,0.07294,0.1368,0.0853,0.08887,0.0702
1613000,Заринский муниципальный район,female,2021,0.03647,0.07214,0.0711,0.04742,0.0541,0.03516,0.05515,0.0638,0.0805,0.07513,0.1318,0.0812,0.1086,0.08746
1613000,Заринский муниципальный район,male,2021,0.04507,0.0689,0.07074,0.049,0.05585,0.03897,0.06573,0.07654,0.079,0.081,0.1239,0.0771,0.09534,0.0729
1614000,Змеиногорский муниципальный район,female,2021,0.05164,0.07166,0.0695,0.0514,0.05038,0.03293,0.05005,0.07513,0.0762,0.06775,0.1213,0.07367,0.11255,0.09576
1614000,Змеиногорский муниципальный район,male,2021,0.05685,0.08057,0.08167,0.05014,0.03625,0.0593,0.0626,0.07654,0.0778,0.07294,0.10986,0.067,0.09924,0.06915
1615000,Калманский муниципальный район,female,2021,0.06287,0.0727,0.0603,0.05115,0.0459,0.03084,0.04947,0.0613,0.0701,0.071,0.1318,0.08234,0.1096,0.10065
1615000,Калманский муниципальный район,male,2021,0.06494,0.079,0.06305,0.0483,0.04474,0.03137,0.08185,0.0739,0.07983,0.0809,0.1256,0.07135,0.08765,0.06744
1616000,Каменский муниципальный район,female,2021,0.0422,0.05844,0.06213,0.0614,0.05045,0.0615,0.05844,0.0766,0.0746,0.0736,0.1254,0.0796,0.0953,0.0804
1616000,Каменский муниципальный район,male,2021,0.04944,0.0782,0.06976,0.0665,0.02298,0.08075,0.09033,0.0777,0.0721,0.0719,0.112,0.0668,0.0832,0.05838
1617000,Ключевский муниципальный район,female,2021,0.04227,0.06866,0.06903,0.0526,0.05316,0.0319,0.04922,0.0737,0.07623,0.07544,0.1378,0.08624,0.1068,0.0769
1617000,Ключевский муниципальный район,male,2021,0.04547,0.0775,0.0741,0.05756,0.06094,0.04126,0.05594,0.0733,0.07654,0.07477,0.1332,0.0812,0.08496,0.06323
1618000,Косихинский муниципальный район,female,2021,0.0605,0.082,0.06076,0.0562,0.05365,0.02481,0.03595,0.057,0.06396,0.07367,0.1348,0.08746,0.1108,0.09845
1618000,Косихинский муниципальный район,male,2021,0.0669,0.0823,0.06433,0.0621,0.04898,0.04672,0.0535,0.06506,0.06885,0.0662,0.1292,0.08014,0.1002,0.0655
1619000,Красногорский муниципальный район,female,2021,0.05923,0.07306,0.07776,0.0547,0.0473,0.0281,0.0418,0.0746,0.07336,0.0748,0.12396,0.0736,0.10486,0.09283
1619000,Красногорский муниципальный район,male,2021,0.0523,0.08044,0.08936,0.063,0.05447,0.0343,0.05014,0.0709,0.07135,0.0773,0.116,0.0683,0.0974,0.07477
1620000,Краснощёковский муниципальный район,female,2021,0.046,0.06143,0.05612,0.04987,0.05118,0.02026,0.04,0.0722,0.0775,0.0756,0.1436,0.09064,0.1195,0.0961
1620000,Краснощёковский муниципальный район,male,2021,0.0472,0.0587,0.068,0.04965,0.05963,0.03522,0.05786,0.07336,0.0765,0.0731,0.128,0.0787,0.1164,0.0777
1621000,Крутихинский муниципальный район,female,2021,0.0459,0.06805,0.06824,0.05716,0.052,0.03366,0.03537,0.0629,0.0717,0.0717,0.1387,0.0891,0.1101,0.0954
1621000,Крутихинский муниципальный район,male,2021,0.04904,0.07947,0.0834,0.05823,0.05557,0.04434,0.04395,0.06537,0.0699,0.0662,0.1301,0.0801,0.102,0.0723
1622000,Кулундинский муниципальный район,female,2021,0.0515,0.0695,0.0669,0.04852,0.05228,0.03558,0.06186,0.074,0.0754,0.07385,0.1348,0.0827,0.0979,0.0752
1622000,Кулундинский муниципальный район,male,2021,0.0552,0.0722,0.0773,0.05133,0.0544,0.04855,0.0672,0.0847,0.0814,0.0687,0.121,0.07544,0.0845,0.05807
1623000,Курьинский муниципальный район,female,2021,0.0499,0.06143,0.06415,0.05188,0.03336,0.0163,0.0351,0.0664,0.0717,0.07745,0.1459,0.08624,0.133,0.10706
1623000,Курьинский муниципальный район,male,2021,0.04672,0.07056,0.0698,0.05118,0.05093,0.03928,0.05118,0.06586,0.06335,0.07306,0.1384,0.084,0.1101,0.0855
1624000,Кытмановский муниципальный район,female,2021,0.0531,0.07477,0.067,0.04657,0.06384,0.02275,0.02946,0.064,0.0688,0.07465,0.1407,0.0864,0.11237,0.09546
1624000,Кытмановский муниципальный район,male,2021,0.05783,0.07764,0.07104,0.05893,0.05432,0.0312,0.05856,0.06335,0.0725,0.07306,0.1294,0.07965,0.0942,0.07837
1625000,Локтевский муниципальный район,female,2021,0.04352,0.0632,0.05472,0.05505,0.05164,0.03873,0.05548,0.0715,0.07446,0.0766,0.1302,0.08264,0.108,0.0943
1625000,Локтевский муниципальный район,male,2021,0.04892,0.0694,0.07,0.06036,0.0389,0.06067,0.06616,0.07465,0.0811,0.0741,0.1172,0.0694,0.1001,0.0691
1626000,Мамонтовский муниципальный район,female,2021,0.04578,0.0668,0.0668,0.049,0.04996,0.03064,0.05014,0.0722,0.0763,0.07184,0.1353,0.0839,0.1078,0.09344
1626000,Мамонтовский муниципальный район,male,2021,0.05112,0.07166,0.0701,0.0552,0.04794,0.04126,0.05737,0.0822,0.0821,0.0736,0.11865,0.07245,0.0991,0.0772
1627000,Михайловский муниципальный район,female,2021,0.04733,0.0674,0.0648,0.05276,0.04968,0.03763,0.04468,0.0738,0.07,0.07294,0.1398,0.0898,0.1028,0.0868
1627000,Михайловский муниципальный район,male,2021,0.05716,0.0786,0.06995,0.05783,0.05298,0.06537,0.05542,0.0658,0.0673,0.0693,0.127,0.08,0.09,0.0633
1628000,Новичихинский муниципальный район,female,2021,0.0491,0.07117,0.062,0.0599,0.04745,0.031,0.02866,0.07306,0.0681,0.0754,0.1407,0.0881,0.11487,0.09045
1628000,Новичихинский муниципальный район,male,2021,0.05637,0.0742,0.07874,0.05588,0.06058,0.0323,0.039,0.0671,0.075,0.0678,0.133,0.07745,0.1048,0.0777
1629000,Зональный муниципальный район,female,2021,0.05615,0.07825,0.06946,0.05118,0.04724,0.04276,0.05875,0.0762,0.07526,0.06885,0.12476,0.0782,0.09186,0.0812
1629000,Зональный муниципальный район,male,2021,0.05963,0.08215,0.0792,0.0481,0.04184,0.0547,0.07526,0.0814,0.07196,0.0728,0.11426,0.0714,0.0847,0.0626
1630000,Павловский муниципальный район,female,2021,0.05228,0.06885,0.0644,0.04974,0.04413,0.0342,0.05423,0.0763,0.0764,0.0727,0.1276,0.081,0.10565,0.0925
1630000,Павловский муниципальный район,male,2021,0.05728,0.07587,0.07446,0.05362,0.04456,0.05264,0.0688,0.0792,0.0782,0.07104,0.11584,0.0734,0.08624,0.06885
1631000,Панкрушихинский муниципальный район,female,2021,0.04977,0.0639,0.06555,0.05878,0.0485,0.03122,0.04095,0.0724,0.0722,0.07477,0.1401,0.0841,0.11646,0.08136
1631000,Панкрушихинский муниципальный район,male,2021,0.05566,0.0689,0.08044,0.05545,0.05887,0.04144,0.04428,0.06586,0.0689,0.06647,0.1392,0.0871,0.1018,0.0657
1632000,Первомайский муниципальный район,female,2021,0.0486,0.07,0.0666,0.0503,0.04657,0.04224,0.07043,0.08014,0.0795,0.0733,0.1212,0.07294,0.0974,0.08075
1632000,Первомайский муниципальный район,male,2021,0.0519,0.0726,0.06866,0.05142,0.04715,0.0524,0.0761,0.0888,0.07764,0.07336,0.1192,0.0723,0.08386,0.0646
1633000,Петропавловский муниципальный район,female,2021,0.05484,0.07623,0.0649,0.05338,0.05124,0.0284,0.03378,0.06525,0.07947,0.0803,0.1344,0.08325,0.1014,0.09314
1633000,Петропавловский муниципальный район,male,2021,0.0606,0.0929,0.0704,0.05652,0.05612,0.03812,0.04242,0.0733,0.07196,0.08606,0.11694,0.06866,0.09467,0.07135
1634000,Поспелихинский муниципальный район,female,2021,0.04956,0.07355,0.0662,0.0528,0.05676,0.03165,0.0438,0.0773,0.0785,0.07446,0.1242,0.0779,0.1064,0.087
1634000,Поспелихинский муниципальный район,male,2021,0.05975,0.0829,0.07697,0.0631,0.0543,0.03796,0.0524,0.0811,0.073,0.0692,0.11316,0.0691,0.09674,0.0704
1635000,Ребрихинский муниципальный район,female,2021,0.0481,0.07,0.0666,0.05673,0.04868,0.03183,0.03625,0.068,0.07086,0.0747,0.1324,0.0838,0.1169,0.0953
1635000,Ребрихинский муниципальный район,male,2021,0.05383,0.0708,0.06995,0.0612,0.0558,0.0453,0.05402,0.0676,0.07275,0.0726,0.1263,0.078,0.096,0.07587
1636000,Родинский муниципальный район,female,2021,0.0424,0.0649,0.0583,0.04712,0.04932,0.04608,0.04205,0.06555,0.0676,0.0754,0.139,0.08813,0.12396,0.0901
1636000,Родинский муниципальный район,male,2021,0.05246,0.0689,0.06494,0.05258,0.05234,0.05145,0.05533,0.05994,0.0757,0.06946,0.1289,0.08453,0.1064,0.07715
1637000,Романовский муниципальный район,female,2021,0.03845,0.06012,0.06155,0.0574,0.03717,0.0278,0.035,0.06335,0.07056,0.0814,0.1432,0.0924,0.1346,0.0969
1637000,Романовский муниципальный район,male,2021,0.05057,0.07294,0.06213,0.05664,0.0551,0.0464,0.0339,0.05737,0.07825,0.07385,0.1312,0.0805,0.1131,0.0881
1638000,Рубцовский муниципальный район,female,2021,0.0471,0.0686,0.0735,0.05518,0.04337,0.03284,0.054,0.07056,0.0724,0.0768,0.1324,0.0813,0.1107,0.0812
1638000,Рубцовский муниципальный район,male,2021,0.05148,0.07355,0.0718,0.06235,0.05475,0.04483,0.06537,0.0702,0.0684,0.0771,0.1236,0.0746,0.0957,0.0663
1640000,Смоленский муниципальный район,female,2021,0.05692,0.07294,0.064,0.04834,0.04175,0.0283,0.0376,0.06775,0.0731,0.07983,0.1312,0.0809,0.1091,0.10815
1640000,Смоленский муниципальный район,male,2021,0.0679,0.0803,0.0716,0.05582,0.05,0.046,0.05634,0.067,0.07263,0.07385,0.11755,0.0697,0.095,0.0763
1641000,Суетский муниципальный район,female,2021,0.05014,0.0657,0.0652,0.05814,0.06216,0.02808,0.03058,0.0627,0.06866,0.09326,0.1383,0.09125,0.1028,0.0832
1641000,Суетский муниципальный район,male,2021,0.05154,0.0699,0.07605,0.0495,0.06274,0.04184,0.0408,0.07806,0.07446,0.0847,0.1327,0.0796,0.09033,0.0679
1642000,Советский муниципальный район,female,2021,0.051,0.0771,0.08203,0.05496,0.04922,0.02461,0.03787,0.06152,0.07056,0.07465,0.133,0.0805,0.10815,0.09485
1642000,Советский муниципальный район,male,2021,0.068,0.08545,0.0788,0.05804,0.05762,0.03598,0.04858,0.05777,0.0706,0.0659,0.11993,0.0739,0.10474,0.07465
1643000,Солонешенский муниципальный район,female,2021,0.0502,0.06744,0.07025,0.06537,0.0469,0.03525,0.04364,0.0754,0.0677,0.08215,0.1284,0.0838,0.09827,0.0852
1643000,Солонешенский муниципальный район,male,2021,0.0498,0.07935,0.0869,0.068,0.0445,0.0505,0.05786,0.07794,0.0648,0.0731,0.12335,0.0752,0.089,0.05972
1644000,Солтонский муниципальный район,female,2021,0.06033,0.0866,0.05603,0.05432,0.08575,0.03317,0.02802,0.0529,0.0812,0.0966,0.1044,0.0632,0.1229,0.0746
1644000,Солтонский муниципальный район,male,2021,0.05377,0.104,0.0716,0.05734,0.06238,0.03745,0.04724,0.0698,0.07935,0.05765,0.1403,0.0864,0.0802,0.05258
1645000,Шелаболихинский муниципальный район,female,2021,0.0537,0.08264,0.0632,0.05637,0.05472,0.02478,0.0346,0.05954,0.07336,0.0735,0.1282,0.0813,0.1211,0.09296
1645000,Шелаболихинский муниципальный район,male,2021,0.06476,0.077,0.07056,0.05978,0.05518,0.0432,0.0463,0.05927,0.0753,0.0697,0.1208,0.07465,0.1056,0.0779
1646000,Табунский муниципальный район,female,2021,0.06683,0.0898,0.0852,0.0562,0.0639,0.03333,0.04874,0.07074,0.0664,0.0673,0.1208,0.07434,0.0861,0.07025
1646000,Табунский муниципальный район,male,2021,0.07306,0.10065,0.0804,0.06104,0.0674,0.04312,0.0587,0.0705,0.066,0.0641,0.11786,0.0726,0.0695,0.05515
1647000,Тальменский муниципальный район,female,2021,0.0516,0.07,0.06757,0.05762,0.04932,0.05228,0.06415,0.078,0.07666,0.0706,0.11633,0.06964,0.0931,0.0831
1647000,Тальменский муниципальный район,male,2021,0.05615,0.07684,0.0749,0.0642,0.0401,0.05798,0.0876,0.082,0.0799,0.07117,0.1078,0.0645,0.07745,0.05948
1648000,Тогульский муниципальный район,female,2021,0.05164,0.06976,0.0692,0.04883,0.04855,0.02763,0.03043,0.0575,0.0681,0.077,0.1417,0.09436,0.1175,0.09766
1648000,Тогульский муниципальный район,male,2021,0.05038,0.077,0.08,0.0572,0.056,0.0394,0.0394,0.06192,0.0658,0.07025,0.1384,0.0898,0.0951,0.0794
1649000,Топчихинский муниципальный район,female,2021,0.0527,0.08154,0.06964,0.05328,0.05377,0.02257,0.04205,0.0648,0.07166,0.07,0.1333,0.0838,0.11206,0.0888
1649000,Топчихинский муниципальный район,male,2021,0.0605,0.08997,0.0735,0.0592,0.05673,0.04834,0.0721,0.0629,0.07007,0.0642,0.11096,0.06934,0.0938,0.06836
1650000,Третьяковский муниципальный район,female,2021,0.05832,0.0831,0.0728,0.0524,0.04733,0.02806,0.04123,0.0693,0.0828,0.07214,0.1298,0.0771,0.1007,0.08484
1650000,Третьяковский муниципальный район,male,2021,0.0727,0.0809,0.0751,0.06015,0.05978,0.03125,0.05652,0.07434,0.0682,0.0747,0.11816,0.0756,0.0876,0.06506
1651000,Троицкий муниципальный район,female,2021,0.04956,0.07367,0.0665,0.05374,0.0488,0.02916,0.04,0.06384,0.0705,0.07434,0.1375,0.0827,0.1093,0.1004
1651000,Троицкий муниципальный район,male,2021,0.05603,0.07764,0.07196,0.0647,0.05237,0.04974,0.04886,0.06396,0.0712,0.06946,0.1271,0.0752,0.0969,0.0749
1652000,Тюменцевский муниципальный район,female,2021,0.04852,0.06525,0.06015,0.0498,0.0517,0.03833,0.05188,0.0676,0.07385,0.0829,0.1292,0.0784,0.1082,0.0942
1652000,Тюменцевский муниципальный район,male,2021,0.04922,0.0707,0.0694,0.05423,0.06183,0.04245,0.0637,0.07184,0.0746,0.0737,0.1261,0.0757,0.0954,0.07117
1653000,Угловский муниципальный район,female,2021,0.05118,0.06866,0.0733,0.0574,0.051,0.02853,0.0426,0.072,0.07184,0.07153,0.142,0.08685,0.107,0.0761
1653000,Угловский муниципальный район,male,2021,0.04807,0.0765,0.0731,0.0673,0.0626,0.04245,0.05966,0.0654,0.0778,0.06805,0.12305,0.0759,0.0991,0.0608
1654000,Усть-Калманский муниципальный район,female,2021,0.0455,0.06006,0.0552,0.05386,0.04703,0.03079,0.04187,0.064,0.07404,0.07086,0.1462,0.0965,0.11664,0.0974
1654000,Усть-Калманский муниципальный район,male,2021,0.0466,0.0694,0.0673,0.06006,0.05972,0.04913,0.05356,0.0662,0.07715,0.0691,0.1233,0.07904,0.1085,0.0708
1655000,Усть-Пристанский муниципальный район,female,2021,0.04822,0.0664,0.0592,0.047,0.0494,0.0216,0.0184,0.0468,0.07043,0.0728,0.1548,0.09924,0.1388,0.1068
1655000,Усть-Пристанский муниципальный район,male,2021,0.0551,0.0684,0.0665,0.04657,0.05197,0.03326,0.03223,0.05075,0.073,0.07837,0.1437,0.08734,0.1233,0.0894
1656000,Хабарский муниципальный район,female,2021,0.05194,0.0672,0.067,0.05002,0.05957,0.02655,0.02992,0.0697,0.07336,0.0707,0.141,0.0892,0.1156,0.0883
1656000,Хабарский муниципальный район,male,2021,0.06158,0.07446,0.07666,0.05038,0.05728,0.03687,0.04608,0.0654,0.06604,0.0779,0.1307,0.08295,0.1024,0.0713
1657000,Целинный муниципальный район,female,2021,0.05225,0.06726,0.0661,0.05795,0.05402,0.02788,0.03955,0.05664,0.0765,0.0842,0.1332,0.0819,0.1067,0.0959
1657000,Целинный муниципальный район,male,2021,0.05582,0.0812,0.0781,0.05853,0.05566,0.04254,0.04617,0.06714,0.06445,0.08026,0.12415,0.0774,0.0973,0.0712
1658000,Чарышский муниципальный район,female,2021,0.06238,0.06903,0.0745,0.0443,0.06216,0.02737,0.03061,0.0639,0.0755,0.0764,0.1395,0.0844,0.1065,0.0833
1658000,Чарышский муниципальный район,male,2021,0.063,0.0817,0.0711,0.0579,0.0645,0.03613,0.05182,0.06866,0.0738,0.0662,0.1316,0.0757,0.09344,0.0645
1659000,Шипуновский муниципальный район,female,2021,0.04053,0.05997,0.05405,0.04794,0.04675,0.03235,0.0561,0.08997,0.0881,0.0758,0.1359,0.0817,0.1048,0.08606
1659000,Шипуновский муниципальный район,male,2021,0.05325,0.0732,0.0737,0.053,0.052,0.047,0.05557,0.0737,0.0829,0.0663,0.12103,0.07764,0.09796,0.0728
1660000,Немецкий национальный муниципальный район,female,2021,0.06122,0.07544,0.07806,0.0665,0.0515,0.0325,0.03915,0.07104,0.0767,0.0699,0.1266,0.08325,0.0913,0.07684
1660000,Немецкий национальный муниципальный район,male,2021,0.0627,0.0803,0.08484,0.0659,0.06052,0.05637,0.0515,0.06995,0.0733,0.0638,0.11566,0.07074,0.0845,0.06
1701000,город Барнаул,female,2021,0.05133,0.05978,0.04984,0.0511,0.04108,0.07605,0.1133,0.09485,0.0799,0.07324,0.1064,0.06226,0.07416,0.0667
1701000,город Барнаул,male,2021,0.0632,0.07306,0.06146,0.06195,0.0463,0.0746,0.10785,0.1025,0.0801,0.0725,0.09827,0.05576,0.0577,0.04486
1703000,город Алейск,female,2021,0.05624,0.07556,0.07764,0.0566,0.04434,0.04532,0.0783,0.09674,0.0794,0.06366,0.10156,0.0592,0.0905,0.07495
1703000,город Алейск,male,2021,0.05252,0.06665,0.07086,0.0825,0.1882,0.0813,0.05563,0.0872,0.0599,0.0503,0.0707,0.04276,0.05197,0.0395
1704000,город Белокуриха,female,2021,0.05698,0.066,0.06027,0.04608,0.04355,0.0331,0.0575,0.09644,0.0929,0.0835,0.11615,0.06995,0.0985,0.07904
1704000,город Белокуриха,male,2021,0.05948,0.07404,0.07904,0.04257,0.02432,0.06915,0.0731,0.0933,0.07983,0.0862,0.11554,0.06525,0.0757,0.06244
1705000,город Бийск,female,2021,0.04758,0.0627,0.05597,0.04797,0.0383,0.0647,0.08606,0.08624,0.0809,0.07666,0.1172,0.06885,0.0881,0.0788
1705000,город Бийск,male,2021,0.05878,0.0778,0.0704,0.06174,0.04898,0.066,0.0916,0.0916,0.0778,0.0737,0.103,0.05942,0.06616,0.053
1706000,город Заринск,female,2021,0.04492,0.0626,0.06586,0.05194,0.04517,0.0291,0.06198,0.0923,0.0861,0.07086,0.1138,0.0723,0.1135,0.08954
1706000,город Заринск,male,2021,0.0556,0.076,0.08185,0.04498,0.0196,0.06696,0.0861,0.105,0.0865,0.069,0.0981,0.05884,0.08563,0.0659
1713000,город Новоалтайск,female,2021,0.06027,0.0769,0.05853,0.04822,0.03586,0.0542,0.0866,0.0877,0.0801,0.07294,0.11163,0.06683,0.08545,0.07465
1713000,город Новоалтайск,male,2021,0.06714,0.0822,0.0691,0.0398,0.01221,0.0789,0.1099,0.1058,0.0869,0.0758,0.10254,0.05865,0.06396,0.04697
1716000,город Рубцовск,female,2021,0.04373,0.06235,0.05707,0.04947,0.0408,0.05453,0.08136,0.08514,0.07947,0.0755,0.1205,0.0717,0.0938,0.08453
1716000,город Рубцовск,male,2021,0.0449,0.0649,0.05948,0.0526,0.04407,0.0667,0.105,0.1084,0.0914,0.0761,0.1076,0.062,0.067,0.04993
1719000,город Славгород,female,2021,0.05386,0.06082,0.05713,0.07153,0.0458,0.07275,0.07104,0.07794,0.0767,0.06946,0.1125,0.06946,0.08636,0.07465
1719000,город Славгород,male,2021,0.0639,0.07635,0.076,0.0847,0.02185,0.0731,0.09033,0.0846,0.07306,0.0685,0.1017,0.06024,0.0732,0.05258
1730000,город Яровое,female,2021,0.02487,0.0484,0.05478,0.06216,0.04166,0.04694,0.06354,0.0684,0.07227,0.07135,0.1356,0.0856,0.11664,0.1078
1730000,город Яровое,male,2021,0.035,0.0585,0.0662,0.0576,0.01862,0.0831,0.08813,0.0812,0.07697,0.06665,0.1259,0.07526,0.0951,0.0717
1755000,ЗАТО Сибирский,female,2021,0.06076,0.0844,0.0687,0.06076,0.05615,0.0639,0.118,0.10205,0.0901,0.05804,0.0943,0.05405,0.05676,0.03204
1755000,ЗАТО Сибирский,male,2021,0.04407,0.05887,0.04706,0.12335,0.3718,0.04575,0.05676,0.06018,0.05298,0.0341,0.0422,0.02518,0.02557,0.01206
3601000,Абинский муниципальный район,female,2021,0.05347,0.0735,0.06152,0.0538,0.0447,0.05188,0.0707,0.07465,0.0719,0.0699,0.12415,0.0769,0.0871,0.0858
3601000,Абинский муниципальный район,male,2021,0.05988,0.07806,0.0683,0.0588,0.04758,0.0643,0.0772,0.082,0.0743,0.07117,0.1127,0.06665,0.07446,0.0647
3605000,Апшеронский муниципальный район,female,2021,0.04907,0.07117,0.0628,0.0591,0.05548,0.0549,0.0694,0.0735,0.0741,0.0695,0.12274,0.07385,0.08704,0.07733
3605000,Апшеронский муниципальный район,male,2021,0.05347,0.0768,0.0656,0.0602,0.0499,0.0656,0.0861,0.0873,0.0834,0.07263,0.11426,0.06525,0.069,0.05063
3607000,Белоглинский муниципальный район,female,2021,0.052,0.0664,0.05695,0.0593,0.04587,0.05002,0.06232,0.0745,0.06696,0.07495,0.1415,0.0828,0.08905,0.07745
3607000,Белоглинский муниципальный район,male,2021,0.06192,0.0718,0.0671,0.0576,0.04834,0.0612,0.0789,0.0771,0.0711,0.0651,0.1307,0.0768,0.07605,0.05627
3608000,Белореченский муниципальный район,female,2021,0.06256,0.08136,0.06604,0.05707,0.05087,0.05798,0.0732,0.08014,0.0717,0.06714,0.1155,0.0679,0.0794,0.06915
3608000,Белореченский муниципальный район,male,2021,0.0698,0.0942,0.07697,0.0636,0.05258,0.0694,0.08203,0.0815,0.0717,0.06714,0.10156,0.05872,0.06195,0.04883
3610000,Брюховецкий муниципальный район,female,2021,0.0527,0.06143,0.05603,0.05405,0.05005,0.05515,0.0585,0.06805,0.07623,0.076,0.1393,0.083,0.0903,0.0793
3610000,Брюховецкий муниципальный район,male,2021,0.06055,0.067,0.06555,0.06125,0.05487,0.0739,0.07275,0.07794,0.072,0.071,0.1208,0.06915,0.0727,0.06055
3612000,Выселковский муниципальный район,female,2021,0.05447,0.06506,0.0558,0.0532,0.04965,0.054,0.06537,0.07465,0.07587,0.07465,0.137,0.0794,0.0851,0.0758
3612000,Выселковский муниципальный район,male,2021,0.06195,0.07465,0.06976,0.05725,0.05383,0.06082,0.0738,0.0822,0.0741,0.0718,0.12463,0.07214,0.06854,0.0546
3613000,Гулькевичский муниципальный район,female,2021,0.0541,0.0674,0.05945,0.0523,0.04645,0.05942,0.07434,0.0756,0.07556,0.0707,0.1272,0.0751,0.08295,0.0796
3613000,Гулькевичский муниципальный район,male,2021,0.0602,0.0736,0.0684,0.0582,0.05054,0.06635,0.08624,0.0808,0.078,0.07117,0.11383,0.06616,0.0712,0.0553
3614000,Динской муниципальный район,female,2021,0.05176,0.06793,0.05908,0.05127,0.04605,0.0571,0.0793,0.08856,0.0808,0.0706,0.1234,0.0723,0.0819,0.06995
3614000,Динской муниципальный район,male,2021,0.06058,0.0772,0.067,0.0556,0.05066,0.06195,0.0865,0.0911,0.0815,0.0719,0.1117,0.06396,0.0682,0.05206
3616000,Ейский муниципальный район,female,2021,0.0417,0.05035,0.05078,0.048,0.04486,0.05975,0.06903,0.0782,0.0762,0.08203,0.137,0.08276,0.08984,0.08954
3616000,Ейский муниципальный район,male,2021,0.0488,0.05832,0.05737,0.0522,0.04745,0.07874,0.0966,0.07983,0.0769,0.07324,0.123,0.07263,0.07385,0.06113
3618000,Кавказский муниципальный район,female,2021,0.04642,0.05957,0.05887,0.05368,0.05145,0.0635,0.0818,0.07367,0.0775,0.07306,0.1261,0.0755,0.0818,0.0771
3618000,Кавказский муниципальный район,male,2021,0.05945,0.0752,0.06995,0.05853,0.04855,0.06274,0.0862,0.0794,0.07916,0.07355,0.11505,0.06604,0.0697,0.0564
3619000,Калининский муниципальный район,female,2021,0.05222,0.0645,0.05338,0.05676,0.0514,0.0555,0.071,0.0774,0.0727,0.07245,0.1366,0.08344,0.08307,0.06964
3619000,Калининский муниципальный район,male,2021,0.05374,0.07245,0.0654,0.05865,0.05228,0.06192,0.08026,0.08594,0.07764,0.0692,0.1221,0.07117,0.07654,0.0527
3620000,Каневской муниципальный район,female,2021,0.04395,0.0613,0.0626,0.05484,0.0492,0.05402,0.0719,0.0761,0.07654,0.07526,0.1383,0.0829,0.08234,0.0707
3620000,Каневской муниципальный район,male,2021,0.05063,0.06964,0.0683,0.06064,0.05206,0.0641,0.07733,0.07996,0.07837,0.072,0.1272,0.07367,0.07214,0.05392
3621000,Кореновский муниципальный район,female,2021,0.05008,0.062,0.0571,0.05307,0.04797,0.05698,0.07446,0.0762,0.07214,0.07434,0.1333,0.07855,0.0862,0.07764
3621000,Кореновский муниципальный район,male,2021,0.0574,0.0717,0.06525,0.05856,0.05133,0.06714,0.08765,0.08386,0.0753,0.072,0.1187,0.06854,0.0696,0.05295
3623000,Красноармейский муниципальный район,female,2021,0.05008,0.0674,0.06134,0.0565,0.04617,0.05292,0.0659,0.0762,0.07654,0.0733,0.132,0.07837,0.08563,0.07776
3623000,Красноармейский муниципальный район,male,2021,0.0555,0.0754,0.0691,0.05783,0.05026,0.0603,0.0789,0.08136,0.07654,0.0726,0.119,0.0698,0.07404,0.0594
3624000,Крыловский муниципальный район,female,2021,0.04373,0.0762,0.06168,0.056,0.05307,0.05576,0.0736,0.0683,0.068,0.0692,0.1454,0.0876,0.0799,0.0616
3624000,Крыловский муниципальный район,male,2021,0.0529,0.0833,0.06836,0.05878,0.04944,0.06067,0.0876,0.082,0.06555,0.0676,0.1262,0.07623,0.0741,0.04727
3625000,Крымский муниципальный район,female,2021,0.0539,0.0695,0.06216,0.0538,0.04984,0.05557,0.07245,0.0776,0.0735,0.0705,0.12134,0.074,0.0882,0.0777
3625000,Крымский муниципальный район,male,2021,0.06116,0.0782,0.0652,0.05637,0.0526,0.0656,0.08716,0.0831,0.0769,0.06934,0.11115,0.066,0.07184,0.05548
3627000,Курганинский муниципальный район,female,2021,0.05304,0.0722,0.0683,0.05957,0.05142,0.05518,0.06836,0.0737,0.0713,0.0726,0.12427,0.0746,0.0814,0.074
3627000,Курганинский муниципальный район,male,2021,0.05984,0.0848,0.0731,0.0629,0.05618,0.06757,0.0812,0.07715,0.07355,0.0714,0.11035,0.0631,0.06635,0.05243
3628000,Кущевский муниципальный район,female,2021,0.04648,0.0633,0.0618,0.05438,0.051,0.05368,0.07,0.0769,0.07355,0.0767,0.1326,0.07983,0.08624,0.0736
3628000,Кущевский муниципальный район,male,2021,0.05457,0.0696,0.07416,0.05945,0.05154,0.06042,0.0807,0.0783,0.07587,0.0759,0.1241,0.073,0.06946,0.05295
3630000,Лабинский муниципальный район,female,2021,0.05594,0.06805,0.06107,0.0587,0.0525,0.05502,0.0635,0.07263,0.07855,0.07477,0.1277,0.0759,0.081,0.0747
3630000,Лабинский муниципальный район,male,2021,0.0656,0.0815,0.0705,0.0626,0.05502,0.07513,0.08026,0.0749,0.0729,0.071,0.10925,0.06223,0.0677,0.05145
3632000,Ленинградский муниципальный район,female,2021,0.04663,0.06396,0.06024,0.0633,0.05548,0.06726,0.0606,0.06415,0.071,0.074,0.1332,0.0823,0.0846,0.07336
3632000,Ленинградский муниципальный район,male,2021,0.05267,0.07947,0.068,0.05865,0.05692,0.0714,0.07153,0.07916,0.0715,0.06976,0.1224,0.07196,0.07074,0.05582
3633000,Мостовский муниципальный район,female,2021,0.04834,0.06616,0.06287,0.06216,0.0532,0.05276,0.06665,0.0717,0.07794,0.0701,0.1279,0.0776,0.0858,0.0768
3633000,Мостовский муниципальный район,male,2021,0.05362,0.07697,0.07245,0.06824,0.05664,0.06305,0.0748,0.0765,0.07623,0.07074,0.114,0.06635,0.0718,0.05865
3634000,Новокубанский муниципальный район,female,2021,0.0535,0.066,0.06125,0.0569,0.05374,0.05658,0.0731,0.07336,0.074,0.0743,0.128,0.0779,0.07996,0.0713
3634000,Новокубанский муниципальный район,male,2021,0.0626,0.0776,0.0691,0.0656,0.05887,0.0669,0.0778,0.0775,0.071,0.0681,0.11523,0.06836,0.0696,0.05167
3635000,Новопокровский муниципальный район,female,2021,0.04642,0.06604,0.05765,0.055,0.04596,0.05563,0.0674,0.0697,0.0716,0.0758,0.1439,0.0871,0.083,0.07477
3635000,Новопокровский муниципальный район,male,2021,0.05615,0.0709,0.0687,0.05484,0.0547,0.067,0.078,0.0701,0.0708,0.07324,0.1351,0.0789,0.0694,0.05212
3637000,Отрадненский муниципальный район,female,2021,0.05396,0.06854,0.0652,0.05557,0.0558,0.06137,0.0714,0.0766,0.0739,0.07355,0.1245,0.0732,0.07733,0.0691
3637000,Отрадненский муниципальный район,male,2021,0.06113,0.07654,0.0698,0.05737,0.0582,0.0638,0.0815,0.07794,0.07355,0.06903,0.1194,0.0695,0.0705,0.05182
3639000,Павловский муниципальный район,female,2021,0.04663,0.05896,0.0588,0.05533,0.04865,0.05066,0.0687,0.07623,0.07605,0.07526,0.1387,0.08215,0.08514,0.07886
3639000,Павловский муниципальный район,male,2021,0.05008,0.0664,0.0686,0.05838,0.05325,0.06464,0.07416,0.0791,0.07654,0.07336,0.1306,0.07556,0.0717,0.05762
3641000,Приморско-Ахтарский муниципальный район,female,2021,0.04044,0.0553,0.05585,0.05157,0.04645,0.04578,0.05988,0.071,0.0691,0.0756,0.1448,0.08777,0.1022,0.0943
3641000,Приморско-Ахтарский муниципальный район,male,2021,0.0435,0.06204,0.05588,0.0505,0.0486,0.05862,0.0887,0.085,0.07855,0.072,0.1295,0.0765,0.08374,0.06683
3643000,Северский муниципальный район,female,2021,0.0542,0.06476,0.05923,0.05386,0.04654,0.0546,0.08136,0.0846,0.081,0.0719,0.1178,0.0714,0.08203,0.0768
3643000,Северский муниципальный район,male,2021,0.06,0.07385,0.0663,0.05624,0.04852,0.0606,0.08527,0.092,0.0862,0.0741,0.1096,0.0627,0.06726,0.05746
3645000,Славянский муниципальный район,female,2021,0.04828,0.064,0.05847,0.056,0.0458,0.06226,0.0827,0.0831,0.076,0.06903,0.1244,0.0749,0.0823,0.0729
3645000,Славянский муниципальный район,male,2021,0.05493,0.0727,0.0682,0.062,0.04773,0.06775,0.0882,0.08575,0.0768,0.06854,0.1138,0.0661,0.0716,0.05594
3647000,Староминский муниципальный район,female,2021,0.04703,0.0704,0.0611,0.05386,0.04282,0.05396,0.06836,0.0785,0.07806,0.0738,0.1317,0.0818,0.08185,0.07666
3647000,Староминский муниципальный район,male,2021,0.05057,0.07825,0.0689,0.06137,0.05304,0.0638,0.07526,0.0793,0.0786,0.0769,0.1199,0.06995,0.0697,0.0545
3649000,Тбилисский муниципальный район,female,2021,0.05106,0.0642,0.06085,0.05444,0.0507,0.05707,0.06885,0.07446,0.0734,0.073,0.1306,0.0794,0.0874,0.0745
3649000,Тбилисский муниципальный район,male,2021,0.05463,0.07184,0.0705,0.0593,0.0541,0.0643,0.0785,0.0767,0.0732,0.06946,0.12103,0.07275,0.0752,0.05853
3651000,Темрюкский муниципальный район,female,2021,0.05246,0.0642,0.05624,0.05115,0.04608,0.05356,0.0745,0.07635,0.0756,0.0763,0.1279,0.07654,0.08594,0.08307
3651000,Темрюкский муниципальный район,male,2021,0.06094,0.0725,0.0646,0.05246,0.04993,0.064,0.08777,0.0825,0.07745,0.0742,0.1152,0.06744,0.07166,0.05942
3653000,Тимашевский муниципальный район,female,2021,0.05347,0.082,0.0669,0.05585,0.04807,0.0508,0.06586,0.07306,0.0733,0.0728,0.1283,0.0765,0.08057,0.07263
3653000,Тимашевский муниципальный район,male,2021,0.0626,0.0908,0.07263,0.06104,0.0526,0.0621,0.0797,0.0808,0.0764,0.06683,0.1123,0.0649,0.06537,0.05185
3654000,Тихорецкий муниципальный район,female,2021,0.0501,0.06525,0.05972,0.0531,0.04523,0.0581,0.0643,0.07117,0.0753,0.0743,0.1345,0.08057,0.08856,0.0798
3654000,Тихорецкий муниципальный район,male,2021,0.0579,0.07336,0.06824,0.05887,0.04974,0.072,0.0775,0.07874,0.0759,0.07355,0.116,0.0685,0.07275,0.0569
3655000,Туапсинский муниципальный район,female,2021,0.05096,0.067,0.05383,0.05008,0.04175,0.0501,0.0728,0.0818,0.0802,0.0756,0.1322,0.0779,0.08685,0.07886
3655000,Туапсинский муниципальный район,male,2021,0.06006,0.0755,0.0662,0.05585,0.04507,0.06018,0.083,0.0825,0.07965,0.0786,0.11847,0.0688,0.06946,0.05658
3656000,Успенский муниципальный район,female,2021,0.0601,0.06854,0.0631,0.06165,0.0523,0.05957,0.0737,0.07623,0.0704,0.0717,0.123,0.0711,0.0762,0.0724
3656000,Успенский муниципальный район,male,2021,0.0654,0.0822,0.0769,0.062,0.05432,0.0668,0.0812,0.07825,0.07153,0.06934,0.1125,0.06476,0.06384,0.051
3657000,Усть-Лабинский муниципальный район,female,2021,0.05457,0.0688,0.05753,0.05093,0.04324,0.0581,0.06604,0.07635,0.0771,0.07654,0.1332,0.0776,0.0831,0.0769
3657000,Усть-Лабинский муниципальный район,male,2021,0.05554,0.07166,0.06195,0.05396,0.0428,0.06085,0.0764,0.08545,0.0868,0.081,0.1272,0.0721,0.07056,0.05377
3659000,Щербиновский муниципальный район,female,2021,0.0466,0.05783,0.06067,0.0551,0.05286,0.0476,0.064,0.0695,0.0726,0.0786,0.1451,0.08356,0.088,0.07794
3659000,Щербиновский муниципальный район,male,2021,0.04996,0.067,0.0687,0.06012,0.05643,0.0565,0.07184,0.07855,0.0681,0.0759,0.1367,0.0789,0.0765,0.0547
3701000,город Краснодар,female,2021,0.06915,0.0614,0.04706,0.04156,0.04248,0.0696,0.11005,0.1012,0.0837,0.0716,0.11127,0.0637,0.06696,0.06036
3701000,город Краснодар,male,2021,0.08435,0.07513,0.05746,0.05212,0.05084,0.0686,0.1065,0.1026,0.08514,0.0717,0.0993,0.054,0.05148,0.04074
3703000,город-курорт Анапа,female,2021,0.06076,0.06207,0.05267,0.04654,0.03842,0.0566,0.0803,0.08844,0.0789,0.0705,0.1244,0.07605,0.0876,0.0768
3703000,город-курорт Анапа,male,2021,0.07184,0.0743,0.0647,0.0526,0.04132,0.0693,0.08954,0.0841,0.07654,0.0698,0.11053,0.0651,0.0704,0.05997
3705000,город Армавир,female,2021,0.04688,0.05084,0.05035,0.05017,0.04724,0.08685,0.1081,0.0859,0.07635,0.0755,0.118,0.0686,0.06964,0.0657
3705000,город Армавир,male,2021,0.05487,0.05826,0.05887,0.05786,0.05945,0.08167,0.10474,0.088,0.0816,0.0739,0.1113,0.06305,0.06018,0.04623
3708000,город-курорт Геленджик,female,2021,0.05774,0.0602,0.05148,0.04257,0.03543,0.04437,0.08014,0.0925,0.0836,0.0747,0.131,0.0783,0.0889,0.07904
3708000,город-курорт Геленджик,male,2021,0.068,0.07275,0.06183,0.05066,0.0404,0.05322,0.08075,0.09174,0.08563,0.07135,0.1189,0.0689,0.073,0.0628
3709000,город Горячий Ключ,female,2021,0.05417,0.0679,0.06085,0.05396,0.0441,0.05148,0.0788,0.0828,0.0781,0.0658,0.11774,0.0734,0.0914,0.0795
3709000,город Горячий Ключ,male,2021,0.0613,0.0743,0.0678,0.0561,0.04828,0.07153,0.0987,0.08575,0.0737,0.0647,0.10156,0.06055,0.07355,0.0621
3720000,город Новороссийск,female,2021,0.052,0.0538,0.04858,0.045,0.04166,0.0617,0.09357,0.0976,0.08795,0.07733,0.12286,0.07153,0.07733,0.0691
3720000,город Новороссийск,male,2021,0.05743,0.06226,0.0545,0.05807,0.05728,0.0737,0.0926,0.0972,0.0884,0.0764,0.1117,0.0626,0.06027,0.04758
3726000,город-курорт Сочи,female,2021,0.06696,0.0669,0.05032,0.0427,0.03763,0.05228,0.0892,0.09814,0.08636,0.07666,0.12085,0.07025,0.0753,0.06647
3726000,город-курорт Сочи,male,2021,0.0834,0.0823,0.06067,0.05026,0.0435,0.0538,0.0861,0.095,0.086,0.07495,0.11255,0.06335,0.06024,0.0479
3731000,Сириус,female,2021,0.06976,0.07446,0.04865,0.04123,0.03537,0.05106,0.0894,0.0994,0.08673,0.0762,0.11896,0.0689,0.07416,0.0656
3731000,Сириус,male,2021,0.089,0.0947,0.0595,0.04703,0.04517,0.05243,0.0843,0.09644,0.08716,0.0748,0.1082,0.06018,0.05682,0.04416
4545000,Пировский муниципальный округ,female,2021,0.0713,0.0829,0.0638,0.0494,0.0632,0.05505,0.04474,0.0444,0.06946,0.0688,0.1395,0.08417,0.0835,0.0798
4545000,Пировский муниципальный округ,male,2021,0.06647,0.0881,0.0671,0.05182,0.0614,0.04462,0.0653,0.0578,0.06915,0.0602,0.1345,0.09015,0.0845,0.059
4555000,Тюхтетский муниципальный округ,female,2021,0.06116,0.07513,0.0719,0.04855,0.044,0.05017,0.0421,0.0582,0.07245,0.0636,0.1459,0.09064,0.09845,0.0778
4555000,Тюхтетский муниципальный округ,male,2021,0.0663,0.0899,0.0746,0.053,0.04575,0.06158,0.0678,0.0634,0.0642,0.06055,0.1278,0.07745,0.0803,0.0673
4558000,Шарыповский муниципальный округ,female,2021,0.0582,0.0828,0.0767,0.05075,0.0488,0.04074,0.04,0.0628,0.06415,0.0631,0.135,0.08594,0.10474,0.0861
4558000,Шарыповский муниципальный округ,male,2021,0.06287,0.1011,0.0704,0.05945,0.05652,0.05298,0.067,0.0627,0.059,0.0604,0.1215,0.0753,0.0835,0.0673
4601000,Абанский муниципальный район,female,2021,0.0648,0.0816,0.06946,0.04807,0.05286,0.03635,0.0405,0.05643,0.0735,0.0685,0.1344,0.08,0.1029,0.09076
4601000,Абанский муниципальный район,male,2021,0.0642,0.08563,0.0767,0.05222,0.04984,0.0588,0.07416,0.0697,0.0679,0.06714,0.11804,0.0693,0.08044,0.06604
4603000,Ачинский муниципальный район,female,2021,0.04248,0.0692,0.0535,0.05276,0.04672,0.06805,0.06085,0.05908,0.0748,0.06714,0.1266,0.0804,0.0992,0.0992
4603000,Ачинский муниципальный район,male,2021,0.04227,0.08203,0.06223,0.06165,0.04883,0.06604,0.0799,0.06775,0.07214,0.06866,0.12494,0.0739,0.08105,0.06866
4604000,Балахтинский муниципальный район,female,2021,0.06866,0.0829,0.0617,0.05374,0.05576,0.0262,0.03326,0.05743,0.07623,0.0693,0.1412,0.0907,0.09564,0.0872
4604000,Балахтинский муниципальный район,male,2021,0.07117,0.09033,0.0728,0.0587,0.05728,0.05106,0.05728,0.05988,0.0708,0.06647,0.1214,0.076,0.08105,0.06586
4605000,Березовский муниципальный район,female,2021,0.06113,0.07336,0.05807,0.05347,0.04626,0.05267,0.0828,0.0868,0.0801,0.0682,0.11865,0.07214,0.07825,0.0682
4605000,Березовский муниципальный район,male,2021,0.0668,0.0841,0.06085,0.05338,0.048,0.06946,0.0971,0.0961,0.0808,0.0678,0.1071,0.06146,0.06018,0.04675
4606000,Бирилюсский муниципальный район,female,2021,0.05194,0.0697,0.0655,0.03906,0.05637,0.04306,0.0404,0.06323,0.06616,0.06946,0.1595,0.09784,0.1016,0.0761
4606000,Бирилюсский муниципальный район,male,2021,0.064,0.0836,0.06854,0.0492,0.0542,0.05286,0.05762,0.05786,0.0638,0.0622,0.1458,0.08655,0.0939,0.0599
4608000,Боготольский муниципальный район,female,2021,0.04633,0.0702,0.07526,0.05252,0.04495,0.05298,0.07336,0.0688,0.0688,0.06836,0.137,0.0851,0.0883,0.0681
4608000,Боготольский муниципальный район,male,2021,0.04712,0.0759,0.0775,0.0572,0.04846,0.063,0.09247,0.0889,0.07794,0.0712,0.1119,0.06232,0.0793,0.0467
4609000,Богучанский муниципальный район,female,2021,0.05667,0.0729,0.0698,0.05896,0.0503,0.04224,0.05972,0.07666,0.0817,0.07336,0.1227,0.0736,0.0879,0.07355
4609000,Богучанский муниципальный район,male,2021,0.05402,0.06647,0.0623,0.05118,0.04324,0.04837,0.0907,0.105,0.09143,0.08136,0.12115,0.0697,0.06494,0.05014
4610000,Большемуртинский муниципальный район,female,2021,0.0571,0.07275,0.06198,0.04733,0.0515,0.04324,0.06256,0.06186,0.05844,0.06415,0.1404,0.0911,0.10284,0.0848
4610000,Большемуртинский муниципальный район,male,2021,0.06186,0.07733,0.06824,0.04846,0.0492,0.0601,0.0857,0.07324,0.068,0.05887,0.12256,0.081,0.08234,0.0632
4611000,Большеулуйский муниципальный район,female,2021,0.05606,0.0841,0.066,0.04233,0.06015,0.02861,0.05576,0.0622,0.0654,0.07623,0.1395,0.08496,0.0964,0.08234
4611000,Большеулуйский муниципальный район,male,2021,0.05896,0.09094,0.0732,0.04797,0.04532,0.053,0.0681,0.0622,0.07166,0.0681,0.1383,0.0791,0.08356,0.05954
4613000,Дзержинский муниципальный район,female,2021,0.0634,0.0807,0.0684,0.05386,0.04858,0.0334,0.0478,0.06506,0.06647,0.06903,0.1384,0.08386,0.09814,0.08295
4613000,Дзержинский муниципальный район,male,2021,0.0614,0.08417,0.07263,0.0593,0.05084,0.05704,0.0609,0.06174,0.07684,0.065,0.1218,0.07666,0.08887,0.0627
4614000,Емельяновский муниципальный район,female,2021,0.067,0.0746,0.06058,0.04376,0.0438,0.0597,0.0806,0.09106,0.07526,0.0629,0.12225,0.07776,0.07684,0.0638
4614000,Емельяновский муниципальный район,male,2021,0.06192,0.0636,0.0509,0.04196,0.0396,0.0619,0.0977,0.10974,0.0994,0.0792,0.12024,0.07007,0.0614,0.0423
4615000,Енисейский муниципальный район,female,2021,0.0553,0.0792,0.072,0.0581,0.0528,0.03983,0.04135,0.05753,0.0715,0.06885,0.1399,0.0809,0.0905,0.0922
4615000,Енисейский муниципальный район,male,2021,0.05856,0.0773,0.06903,0.05588,0.05112,0.05753,0.0835,0.0716,0.07416,0.06476,0.11646,0.0745,0.07697,0.06866
4616000,Ермаковский муниципальный район,female,2021,0.06067,0.07837,0.0707,0.04965,0.0558,0.0323,0.04276,0.06805,0.072,0.07025,0.1296,0.0777,0.0992,0.09283
4616000,Ермаковский муниципальный район,male,2021,0.0648,0.08704,0.0834,0.05347,0.06042,0.04352,0.0667,0.0647,0.0719,0.06232,0.12024,0.06885,0.08276,0.0699
