oktmo,year,name,gender,0-4,5-9,10-14,15-19,20-24,25-29,30-34,35-39,40-44,45-49,50-54,55-59,60-64,65-69
1512000,2022,Залесовский муниципальный округ,female,0.0505,0.0781,0.0737,0.05084,0.04678,0.03363,0.02957,0.0588,0.0705,0.0784,0.1372,0.08417,0.11597,0.0916
1512000,2022,Залесовский муниципальный округ,male,0.0551,0.07666,0.076,0.0617,0.04178,0.05334,0.04453,0.06506,0.0734,0.07117,0.1317,0.08307,0.09607,0.07025
1602000,2014,Алтайский муниципальный район,female,0.0649,0.06015,0.0533,0.0593,0.0561,0.0652,0.0742,0.07025,0.0599,0.06046,0.1606,0.0938,0.0796,0.0423
1602000,2014,Алтайский муниципальный район,male,0.0782,0.0691,0.0604,0.06143,0.06024,0.0761,0.07825,0.07184,0.05725,0.052,0.1497,0.08405,0.0662,0.03522
1602000,2015,Алтайский муниципальный район,female,0.06647,0.05942,0.05542,0.05356,0.05588,0.0618,0.07324,0.06964,0.06396,0.05634,0.1575,0.09424,0.0809,0.05176
1602000,2015,Алтайский муниципальный район,male,0.078,0.0715,0.06238,0.05545,0.06335,0.0697,0.0773,0.07104,0.06006,0.05173,0.1456,0.0843,0.06866,0.041
1602000,2016,Алтайский муниципальный район,female,0.06854,0.06128,0.05453,0.05222,0.05453,0.05624,0.0716,0.07074,0.06616,0.05603,0.1489,0.0922,0.0841,0.06287
1602000,2016,Алтайский муниципальный район,male,0.0784,0.07214,0.064,0.05087,0.06476,0.063,0.0794,0.0706,0.06238,0.05167,0.1384,0.0865,0.06964,0.0481
1602000,2017,Алтайский муниципальный район,female,0.0684,0.06305,0.0565,0.0524,0.05347,0.05234,0.07056,0.0697,0.0712,0.0561,0.1412,0.08875,0.0861,0.0702
1602000,2017,Алтайский муниципальный район,male,0.0771,0.07605,0.06415,0.05215,0.0628,0.06018,0.0781,0.07135,0.0651,0.0528,0.132,0.0851,0.0725,0.05063
1602000,2018,Алтайский муниципальный район,female,0.06354,0.0667,0.05695,0.0542,0.05695,0.04883,0.06476,0.07587,0.07104,0.05832,0.136,0.08435,0.08984,0.07263
1602000,2018,Алтайский муниципальный район,male,0.0724,0.0778,0.0664,0.05344,0.06073,0.05658,0.078,0.07513,0.0667,0.05707,0.125,0.08154,0.07477,0.05432
1602000,2019,Алтайский муниципальный район,female,0.06158,0.0635,0.06094,0.05338,0.05444,0.04993,0.0625,0.0772,0.07214,0.06058,0.1327,0.0826,0.09265,0.07587
1602000,2019,Алтайский муниципальный район,male,0.0654,0.0785,0.0715,0.05814,0.05258,0.06107,0.07355,0.0769,0.0717,0.05902,0.1182,0.0766,0.0783,0.05853
1602000,2020,Алтайский муниципальный район,female,0.05777,0.06525,0.06177,0.05585,0.0516,0.04892,0.06207,0.0777,0.0724,0.06665,0.1283,0.0793,0.094,0.07855
1602000,2020,Алтайский муниципальный район,male,0.0643,0.078,0.074,0.06122,0.049,0.0671,0.06683,0.0774,0.0729,0.0629,0.11304,0.07184,0.0791,0.06247
1602000,2021,Алтайский муниципальный район,female,0.05182,0.0703,0.064,0.05875,0.05222,0.05182,0.0588,0.078,0.07434,0.07135,0.1189,0.07166,0.09503,0.083
1602000,2021,Алтайский муниципальный район,male,0.06165,0.07874,0.07587,0.0658,0.04895,0.0693,0.06287,0.08185,0.07434,0.0648,0.1049,0.06305,0.08417,0.0637
1602000,2022,Алтайский муниципальный район,female,0.04852,0.07104,0.06744,0.0599,0.0574,0.05222,0.0526,0.07794,0.07495,0.0771,0.1154,0.06995,0.09094,0.08453
1602000,2022,Алтайский муниципальный район,male,0.05725,0.0799,0.082,0.0665,0.0504,0.0703,0.0609,0.0794,0.0752,0.0685,0.1029,0.058,0.08167,0.0671
1603000,2014,Баевский муниципальный район,female,0.0728,0.0547,0.05972,0.04584,0.02554,0.04263,0.06354,0.06335,0.06213,0.06396,0.2091,0.1154,0.08026,0.04102
1603000,2014,Баевский муниципальный район,male,0.0752,0.0641,0.05383,0.044,0.0314,0.05,0.06366,0.0643,0.06683,0.07153,0.2017,0.1117,0.06665,0.03525
1603000,2015,Баевский муниципальный район,female,0.0703,0.06058,0.05447,0.04858,0.02318,0.03964,0.0612,0.06058,0.064,0.0614,0.2008,0.1171,0.0872,0.0508
1603000,2015,Баевский муниципальный район,male,0.07513,0.06494,0.05515,0.04645,0.02715,0.04886,0.06122,0.064,0.0693,0.0625,0.1969,0.11743,0.0671,0.04385
1603000,2016,Баевский муниципальный район,female,0.0679,0.065,0.0522,0.04688,0.02792,0.0322,0.05463,0.0585,0.0656,0.0591,0.192,0.1231,0.0911,0.0638
1603000,2016,Баевский муниципальный район,male,0.0758,0.06635,0.05753,0.04166,0.02777,0.04584,0.05994,0.0615,0.0721,0.05862,0.1909,0.11725,0.0747,0.05002
1603000,2017,Баевский муниципальный район,female,0.0681,0.0671,0.0492,0.05002,0.03384,0.02596,0.0488,0.05814,0.06476,0.0577,0.187,0.1221,0.0976,0.06976
1603000,2017,Баевский муниципальный район,male,0.072,0.0667,0.05917,0.04477,0.03302,0.0379,0.05585,0.06226,0.0696,0.0607,0.1835,0.11945,0.0813,0.05383
1603000,2018,Баевский муниципальный район,female,0.05936,0.0707,0.0505,0.05072,0.03787,0.02652,0.04355,0.0623,0.0625,0.0583,0.1785,0.1191,0.1042,0.076
1603000,2018,Баевский муниципальный район,male,0.06946,0.0729,0.0629,0.04745,0.0386,0.03043,0.04904,0.06586,0.0672,0.05927,0.1748,0.1172,0.0895,0.0554
1603000,2019,Баевский муниципальный район,female,0.0547,0.0712,0.05338,0.05206,0.04205,0.02287,0.0392,0.061,0.06384,0.0634,0.1693,0.112,0.1155,0.0795
1603000,2019,Баевский муниципальный район,male,0.068,0.07623,0.06525,0.04675,0.0402,0.02852,0.047,0.0654,0.06384,0.06824,0.1666,0.1026,0.1005,0.0608
1603000,2020,Баевский муниципальный район,female,0.0555,0.0726,0.0612,0.0471,0.04504,0.02048,0.03595,0.0596,0.0639,0.0671,0.1572,0.1026,0.1217,0.0901
1603000,2020,Баевский муниципальный район,male,0.066,0.07513,0.06696,0.05057,0.04767,0.02408,0.045,0.0609,0.065,0.07513,0.1548,0.09827,0.10834,0.06213
1603000,2022,Баевский муниципальный район,female,0.04587,0.0712,0.0759,0.0461,0.04883,0.0318,0.0249,0.04907,0.06433,0.071,0.1417,0.091,0.1334,0.1048
1603000,2022,Баевский муниципальный район,male,0.05316,0.0779,0.0736,0.05368,0.0529,0.0388,0.03056,0.05713,0.0659,0.0779,0.1334,0.08185,0.12067,0.08264
1605000,2014,Благовещенский муниципальный район,female,0.06744,0.05768,0.05307,0.05502,0.04703,0.0656,0.07306,0.07416,0.0597,0.05957,0.1733,0.0965,0.0748,0.04303
1605000,2014,Благовещенский муниципальный район,male,0.07794,0.0662,0.0613,0.05255,0.05902,0.07434,0.0738,0.0729,0.06714,0.05637,0.161,0.0857,0.06015,0.03162
1605000,2015,Благовещенский муниципальный район,female,0.0653,0.05914,0.05496,0.05176,0.0488,0.0582,0.0742,0.0728,0.06155,0.05753,0.1691,0.0972,0.0779,0.05164
1605000,2015,Благовещенский муниципальный район,male,0.076,0.0682,0.06097,0.0507,0.05615,0.07336,0.0738,0.0701,0.0714,0.0542,0.156,0.0881,0.06247,0.0387
1605000,2016,Благовещенский муниципальный район,female,0.0643,0.06177,0.05255,0.05032,0.05066,0.05283,0.0727,0.0715,0.0652,0.05444,0.1624,0.1001,0.0789,0.0625
1605000,2016,Благовещенский муниципальный район,male,0.0727,0.07336,0.0614,0.04858,0.04465,0.0816,0.07196,0.06866,0.0719,0.05594,0.1492,0.08875,0.0659,0.04538
1605000,2017,Благовещенский муниципальный район,female,0.0615,0.06586,0.05396,0.0501,0.0534,0.04642,0.0706,0.07007,0.0696,0.05603,0.1552,0.098,0.0815,0.0679
1605000,2017,Благовещенский муниципальный район,male,0.0695,0.0766,0.0633,0.0466,0.0377,0.0816,0.0732,0.069,0.071,0.05902,0.1459,0.0911,0.0663,0.0493
1605000,2018,Благовещенский муниципальный район,female,0.0601,0.06836,0.05542,0.04974,0.05624,0.04462,0.069,0.0713,0.0729,0.05634,0.1444,0.0926,0.0892,0.0698
1605000,2018,Благовещенский муниципальный район,male,0.0671,0.08136,0.0647,0.04587,0.04175,0.0729,0.0766,0.0672,0.0747,0.05957,0.1376,0.08856,0.07184,0.0503
1605000,2019,Благовещенский муниципальный район,female,0.05542,0.06836,0.0592,0.04886,0.0532,0.0453,0.063,0.0736,0.0745,0.0623,0.1399,0.0905,0.095,0.0708
1605000,2019,Благовещенский муниципальный район,male,0.062,0.0825,0.06793,0.04626,0.042,0.06805,0.07623,0.0707,0.07355,0.06635,0.131,0.0856,0.07764,0.0502
1605000,2020,Благовещенский муниципальный район,female,0.05145,0.0688,0.06238,0.0508,0.05402,0.04715,0.05667,0.0745,0.0756,0.0652,0.1335,0.0867,0.0964,0.07684
1605000,2020,Благовещенский муниципальный район,male,0.0568,0.0818,0.0735,0.05325,0.03943,0.06415,0.0774,0.0736,0.07086,0.07294,0.12177,0.07733,0.08276,0.05457
1605000,2021,Благовещенский муниципальный район,female,0.0472,0.0692,0.0678,0.05133,0.0538,0.05206,0.0528,0.0739,0.07587,0.06964,0.1267,0.08014,0.1008,0.0787
1605000,2021,Благовещенский муниципальный район,male,0.05542,0.07965,0.07916,0.05978,0.0378,0.05905,0.0807,0.07355,0.0711,0.075,0.11456,0.0708,0.0855,0.05786
1605000,2022,Благовещенский муниципальный район,female,0.04657,0.06696,0.07355,0.05365,0.05222,0.0563,0.04834,0.0734,0.07544,0.07605,0.1225,0.0729,0.10114,0.08093
1605000,2022,Благовещенский муниципальный район,male,0.0518,0.078,0.0847,0.06506,0.0379,0.0557,0.0807,0.0761,0.0715,0.07544,0.1116,0.0649,0.0883,0.05832
1606000,2015,Бурлинский муниципальный район,female,0.06793,0.06384,0.064,0.04306,0.02539,0.04712,0.06476,0.0758,0.0664,0.06256,0.1875,0.1053,0.0762,0.05005
1606000,2015,Бурлинский муниципальный район,male,0.07153,0.0638,0.07324,0.0501,0.03198,0.0536,0.0646,0.07153,0.0684,0.06555,0.1783,0.0983,0.0676,0.04144
1606000,2017,Бурлинский муниципальный район,female,0.06195,0.06793,0.0644,0.04565,0.032,0.0352,0.05408,0.06866,0.07184,0.06195,0.1742,0.10815,0.0866,0.0674
1606000,2017,Бурлинский муниципальный район,male,0.0647,0.0725,0.0649,0.0508,0.0434,0.04025,0.05862,0.0682,0.0696,0.0657,0.1688,0.102,0.07605,0.05453
1606000,2018,Бурлинский муниципальный район,female,0.05847,0.06793,0.06793,0.04575,0.03815,0.03018,0.0488,0.06396,0.07556,0.06665,0.1666,0.10724,0.09564,0.067
1606000,2018,Бурлинский муниципальный район,male,0.06104,0.07465,0.06537,0.05215,0.0482,0.03656,0.05966,0.06537,0.06696,0.0701,0.1594,0.1013,0.0794,0.05966
1606000,2019,Бурлинский муниципальный район,female,0.05267,0.0708,0.0675,0.0509,0.04623,0.02223,0.04446,0.0624,0.08075,0.06824,0.1573,0.10223,0.1041,0.07
1606000,2019,Бурлинский муниципальный район,male,0.05588,0.0748,0.06445,0.05484,0.06015,0.02977,0.05566,0.0695,0.06384,0.0742,0.1527,0.0975,0.0889,0.0577
1606000,2020,Бурлинский муниципальный район,female,0.04526,0.07104,0.07,0.05154,0.05377,0.01765,0.0418,0.06354,0.0771,0.07184,0.1538,0.09985,0.1098,0.07306
1606000,2020,Бурлинский муниципальный район,male,0.05237,0.0739,0.06696,0.05975,0.0629,0.03293,0.0494,0.0657,0.0703,0.0693,0.1472,0.09735,0.09143,0.0606
1606000,2021,Бурлинский муниципальный район,female,0.03992,0.067,0.0769,0.05463,0.05295,0.02017,0.03635,0.0607,0.0721,0.07837,0.1504,0.0966,0.1113,0.0826
1606000,2021,Бурлинский муниципальный район,male,0.05017,0.07117,0.07166,0.06024,0.06744,0.0355,0.04535,0.06046,0.07184,0.0703,0.1442,0.0907,0.0957,0.0653
1606000,2022,Бурлинский муниципальный район,female,0.03906,0.0641,0.0805,0.05618,0.0529,0.02985,0.0283,0.0588,0.0729,0.0816,0.1448,0.0867,0.11365,0.09064
1606000,2022,Бурлинский муниципальный район,male,0.0442,0.0686,0.07904,0.05627,0.0643,0.04944,0.03918,0.0622,0.0711,0.07495,0.1388,0.0827,0.09937,0.06995
1607000,2014,Быстроистокский муниципальный район,female,0.06976,0.06183,0.05777,0.0366,0.02481,0.04492,0.0616,0.06247,0.0704,0.0599,0.1865,0.1076,0.1029,0.05286
1607000,2014,Быстроистокский муниципальный район,male,0.0728,0.0707,0.0656,0.0493,0.03687,0.0482,0.0654,0.06085,0.0654,0.05933,0.1708,0.1001,0.09155,0.04318
1607000,2015,Быстроистокский муниципальный район,female,0.0735,0.0615,0.05698,0.04062,0.02623,0.03848,0.0561,0.06537,0.06683,0.0591,0.1797,0.10724,0.10406,0.0643
1607000,2015,Быстроистокский муниципальный район,male,0.0756,0.0687,0.0636,0.05316,0.04004,0.0418,0.0634,0.06006,0.0674,0.05627,0.165,0.1017,0.0912,0.05185
1607000,2017,Быстроистокский муниципальный район,female,0.06805,0.0627,0.05978,0.0461,0.0329,0.02708,0.0553,0.0573,0.0721,0.06113,0.16,0.10187,0.1075,0.0882
1607000,2017,Быстроистокский муниципальный район,male,0.06384,0.0792,0.06616,0.05197,0.0494,0.04077,0.0459,0.06012,0.0655,0.06335,0.1556,0.1004,0.0895,0.06824
1607000,2018,Быстроистокский муниципальный район,female,0.0653,0.06757,0.066,0.04453,0.037,0.0226,0.04703,0.06097,0.0685,0.06647,0.1509,0.0964,0.11005,0.0968
1607000,2018,Быстроистокский муниципальный район,male,0.0642,0.0777,0.0699,0.05615,0.05048,0.03745,0.04456,0.06232,0.06635,0.0642,0.1465,0.09644,0.08887,0.0749
1607000,2019,Быстроистокский муниципальный район,female,0.06122,0.0705,0.0641,0.0536,0.03738,0.01906,0.04074,0.0631,0.06384,0.07385,0.146,0.09576,0.10767,0.10315
1607000,2019,Быстроистокский муниципальный район,male,0.0611,0.07513,0.07513,0.0596,0.05295,0.0367,0.04187,0.06573,0.0643,0.06824,0.1353,0.0857,0.09607,0.0823
1607000,2020,Быстроистокский муниципальный район,female,0.0503,0.0794,0.0653,0.05646,0.0402,0.02095,0.0333,0.06088,0.07025,0.0737,0.1403,0.09076,0.1102,0.108
1607000,2020,Быстроистокский муниципальный район,male,0.05695,0.07855,0.073,0.0572,0.05545,0.0469,0.03662,0.0647,0.06445,0.0715,0.1307,0.0823,0.0958,0.0858
1607000,2021,Быстроистокский муниципальный район,female,0.0503,0.0791,0.0687,0.05432,0.04446,0.0316,0.02805,0.06064,0.06216,0.0811,0.1377,0.0849,0.10815,0.10864
1607000,2021,Быстроистокский муниципальный район,male,0.05563,0.08075,0.0753,0.0613,0.05847,0.05072,0.03882,0.05228,0.0735,0.06854,0.1242,0.0745,0.10016,0.0859
1607000,2022,Быстроистокский муниципальный район,female,0.0492,0.0805,0.07104,0.06024,0.04947,0.03842,0.01973,0.06024,0.06235,0.0789,0.1326,0.07947,0.1052,0.1126
1607000,2022,Быстроистокский муниципальный район,male,0.05374,0.07477,0.0878,0.06305,0.05722,0.05933,0.0362,0.0423,0.0713,0.0705,0.1299,0.07263,0.0974,0.0838
1608000,2014,Волчихинский муниципальный район,female,0.07135,0.06366,0.0572,0.048,0.04855,0.06192,0.0696,0.0756,0.07025,0.0594,0.1661,0.09216,0.07635,0.0399
1608000,2014,Волчихинский муниципальный район,male,0.0751,0.0714,0.067,0.05106,0.0492,0.0708,0.07404,0.07104,0.0673,0.06155,0.1597,0.0872,0.06122,0.0334
1608000,2015,Волчихинский муниципальный район,female,0.069,0.06555,0.05853,0.0463,0.04718,0.05765,0.06714,0.0746,0.07043,0.0606,0.1641,0.0918,0.07825,0.04892
1608000,2015,Волчихинский муниципальный район,male,0.0745,0.07184,0.06793,0.05118,0.04663,0.0673,0.0694,0.07324,0.06976,0.05884,0.1571,0.08966,0.06198,0.0406
1608000,2016,Волчихинский муниципальный район,female,0.06854,0.06647,0.06015,0.04492,0.04745,0.05475,0.06137,0.0747,0.0703,0.06256,0.1571,0.09406,0.0797,0.05783
1608000,2016,Волчихинский муниципальный район,male,0.0714,0.07666,0.0693,0.04834,0.04868,0.06396,0.0683,0.07196,0.07196,0.05588,0.1471,0.0882,0.07056,0.04764
1608000,2017,Волчихинский муниципальный район,female,0.06683,0.0679,0.0628,0.04694,0.04718,0.05188,0.06036,0.0719,0.07263,0.06396,0.1486,0.09045,0.0817,0.06696
1608000,2017,Волчихинский муниципальный район,male,0.0728,0.08124,0.0665,0.05316,0.04758,0.05753,0.0663,0.0722,0.0722,0.0572,0.1428,0.08655,0.074,0.04996
1608000,2018,Волчихинский муниципальный район,female,0.06152,0.07153,0.0644,0.04782,0.0476,0.04498,0.05905,0.0704,0.07477,0.06775,0.1432,0.0906,0.0874,0.06915
1608000,2018,Волчихинский муниципальный район,male,0.0693,0.0811,0.0674,0.0582,0.0461,0.05142,0.06915,0.07404,0.07086,0.06097,0.1381,0.08594,0.0768,0.0506
1608000,2019,Волчихинский муниципальный район,female,0.0585,0.0714,0.06586,0.05038,0.04758,0.04257,0.05573,0.0683,0.077,0.071,0.1389,0.09155,0.08936,0.0719
1608000,2019,Волчихинский муниципальный район,male,0.0679,0.0779,0.0723,0.05948,0.04727,0.04962,0.0669,0.0726,0.0716,0.0674,0.133,0.0826,0.07935,0.0521
1608000,2020,Волчихинский муниципальный район,female,0.05493,0.06976,0.0699,0.05228,0.04642,0.0413,0.05338,0.0676,0.0779,0.0737,0.1372,0.0878,0.0919,0.07587
1608000,2020,Волчихинский муниципальный район,male,0.06537,0.07715,0.075,0.0588,0.05078,0.04865,0.066,0.0691,0.07477,0.07275,0.1268,0.07605,0.08307,0.05566
1608000,2021,Волчихинский муниципальный район,female,0.05286,0.0696,0.0724,0.057,0.04843,0.04074,0.05112,0.0636,0.0811,0.07465,0.1317,0.081,0.09686,0.0789
1608000,2021,Волчихинский муниципальный район,male,0.0634,0.0738,0.0809,0.0607,0.05197,0.0494,0.0639,0.0697,0.07623,0.07367,0.1177,0.0712,0.0839,0.06366
1608000,2022,Волчихинский муниципальный район,female,0.05008,0.06946,0.07446,0.06396,0.04996,0.04117,0.0482,0.0636,0.0767,0.07886,0.1302,0.0761,0.094,0.0831
1608000,2022,Волчихинский муниципальный район,male,0.05878,0.07416,0.0865,0.0606,0.05682,0.05066,0.05798,0.06903,0.0768,0.07324,0.11523,0.06836,0.0828,0.06915
1609000,2015,Егорьевский муниципальный район,female,0.06903,0.06256,0.05548,0.05417,0.03723,0.04932,0.06287,0.0679,0.06903,0.06183,0.1708,0.1045,0.0777,0.0577
1609000,2015,Егорьевский муниципальный район,male,0.0675,0.05627,0.06506,0.0672,0.04904,0.0532,0.06415,0.07275,0.06323,0.0598,0.1663,0.0996,0.0703,0.04562
1609000,2016,Егорьевский муниципальный район,female,0.06647,0.06335,0.05667,0.0537,0.04254,0.04074,0.06305,0.0653,0.0684,0.062,0.1676,0.10504,0.07855,0.06647
1609000,2016,Егорьевский муниципальный район,male,0.0698,0.06046,0.06445,0.06384,0.05612,0.04953,0.06168,0.0681,0.0668,0.05875,0.1561,0.0989,0.0757,0.04984
1609000,2017,Егорьевский муниципальный район,female,0.06714,0.06525,0.05756,0.05338,0.04437,0.0351,0.0598,0.06476,0.06525,0.06537,0.1624,0.1055,0.0837,0.07043
1609000,2017,Егорьевский муниципальный район,male,0.07263,0.0646,0.06177,0.06158,0.06238,0.04593,0.05835,0.06964,0.067,0.0591,0.1484,0.0978,0.07574,0.05508
1609000,2018,Егорьевский муниципальный район,female,0.06683,0.06866,0.05963,0.05872,0.04724,0.02583,0.0569,0.0645,0.06836,0.0639,0.154,0.1009,0.094,0.0705
1609000,2018,Егорьевский муниципальный район,male,0.06793,0.06903,0.0611,0.0673,0.05597,0.04977,0.0566,0.071,0.07,0.0576,0.1421,0.09106,0.08295,0.0576
1609000,2019,Егорьевский муниципальный район,female,0.06354,0.0717,0.06525,0.05835,0.04843,0.02658,0.05063,0.06433,0.0687,0.06714,0.1506,0.09467,0.09906,0.0709
1609000,2019,Егорьевский муниципальный район,male,0.0662,0.07385,0.06036,0.07544,0.04803,0.05096,0.05582,0.0644,0.07367,0.06085,0.1381,0.08905,0.0868,0.05646
1609000,2020,Егорьевский муниципальный район,female,0.05988,0.0734,0.0695,0.06085,0.04318,0.03043,0.04678,0.06366,0.06934,0.0733,0.1405,0.0839,0.10876,0.0764
1609000,2020,Егорьевский муниципальный район,male,0.06186,0.07587,0.06287,0.07556,0.05206,0.0507,0.05374,0.06305,0.07556,0.06168,0.1283,0.0808,0.096,0.062
1609000,2021,Егорьевский муниципальный район,female,0.05402,0.07544,0.0724,0.06064,0.04315,0.03552,0.0384,0.06525,0.0698,0.0756,0.1359,0.08203,0.1106,0.08124
1609000,2021,Егорьевский муниципальный район,male,0.05576,0.07965,0.06525,0.0702,0.04712,0.06015,0.0524,0.06137,0.0735,0.067,0.1248,0.0735,0.10004,0.0693
1609000,2022,Егорьевский муниципальный район,female,0.04916,0.0761,0.07666,0.06247,0.04666,0.0392,0.03105,0.0626,0.07385,0.0758,0.1311,0.0765,0.1122,0.0866
1609000,2022,Егорьевский муниципальный район,male,0.05292,0.0784,0.06934,0.0642,0.0498,0.0679,0.04617,0.05838,0.0754,0.0706,0.12134,0.06915,0.1011,0.0754
1610000,2014,Ельцовский муниципальный район,female,0.05878,0.05814,0.0484,0.03735,0.02274,0.05457,0.05975,0.0669,0.05945,0.0672,0.204,0.11206,0.09973,0.051
1610000,2014,Ельцовский муниципальный район,male,0.0743,0.05612,0.06125,0.04346,0.0332,0.05374,0.0681,0.06946,0.0633,0.06058,0.1909,0.1088,0.0828,0.03387
1610000,2015,Ельцовский муниципальный район,female,0.05774,0.06158,0.0497,0.0398,0.01732,0.04907,0.0571,0.06415,0.0658,0.0632,0.1945,0.11163,0.1059,0.06256
1610000,2015,Ельцовский муниципальный район,male,0.0736,0.05887,0.05817,0.04483,0.03458,0.04825,0.0664,0.07117,0.06573,0.05716,0.1835,0.10504,0.0835,0.0493
1610000,2017,Ельцовский муниципальный район,female,0.0653,0.05615,0.0552,0.03943,0.02429,0.0328,0.0574,0.0593,0.0675,0.05585,0.1802,0.1205,0.10187,0.0842
1610000,2017,Ельцовский муниципальный район,male,0.07227,0.06793,0.0575,0.04675,0.0343,0.04605,0.05515,0.0716,0.0686,0.05682,0.161,0.10626,0.0918,0.0639
1610000,2018,Ельцовский муниципальный район,female,0.0599,0.06433,0.05768,0.0412,0.0263,0.02599,0.05927,0.0602,0.0672,0.058,0.1718,0.11505,0.1081,0.08496
1610000,2018,Ельцовский муниципальный район,male,0.0629,0.0792,0.0578,0.05133,0.0398,0.04114,0.05713,0.0697,0.0663,0.06018,0.1499,0.0979,0.0993,0.0673
1610000,2019,Ельцовский муниципальный район,female,0.0568,0.06107,0.06137,0.04376,0.03363,0.02155,0.05386,0.06204,0.0689,0.05878,0.1652,0.1091,0.11005,0.09406
1610000,2019,Ельцовский муниципальный район,male,0.05884,0.0827,0.0602,0.04984,0.0429,0.0346,0.05087,0.07025,0.0699,0.06125,0.1454,0.09686,0.1028,0.0737
1610000,2020,Ельцовский муниципальный район,female,0.0503,0.0635,0.0679,0.04355,0.03513,0.01924,0.0466,0.06177,0.0672,0.07025,0.158,0.09924,0.1158,0.1016
1610000,2020,Ельцовский муниципальный район,male,0.06027,0.07733,0.06775,0.05035,0.0429,0.0397,0.04398,0.0713,0.067,0.06775,0.1404,0.094,0.0982,0.0791
1610000,2021,Ельцовский муниципальный район,female,0.04385,0.06995,0.06995,0.04385,0.04004,0.02193,0.03793,0.06232,0.0703,0.0731,0.1459,0.0926,0.1239,0.10443
1610000,2021,Ельцовский муниципальный район,male,0.05255,0.07666,0.073,0.0511,0.0482,0.03029,0.05328,0.06824,0.0679,0.07043,0.1313,0.0832,0.10913,0.08466
1610000,2022,Ельцовский муниципальный район,female,0.0454,0.071,0.0627,0.05334,0.0418,0.02522,0.02956,0.0616,0.0728,0.07495,0.137,0.0865,0.1326,0.1056
1610000,2022,Ельцовский муниципальный район,male,0.04517,0.07605,0.0794,0.05383,0.0527,0.0399,0.04214,0.0662,0.0745,0.07605,0.1257,0.0749,0.10724,0.0862
1611000,2014,Завьяловский муниципальный район,female,0.05966,0.0623,0.05475,0.0462,0.02048,0.0518,0.0706,0.0774,0.06995,0.06186,0.1957,0.1055,0.07904,0.04468
1611000,2014,Завьяловский муниципальный район,male,0.0726,0.06696,0.06433,0.05402,0.02763,0.05185,0.06537,0.07166,0.07117,0.06027,0.1915,0.103,0.0676,0.03207
1611000,2015,Завьяловский муниципальный район,female,0.05954,0.0604,0.05716,0.04794,0.0207,0.04358,0.06885,0.073,0.0737,0.05887,0.1932,0.10803,0.0797,0.0553
1611000,2015,Завьяловский муниципальный район,male,0.0735,0.0652,0.06586,0.05557,0.0292,0.04742,0.06,0.0705,0.0714,0.0602,0.1831,0.1044,0.0713,0.04233
1611000,2016,Завьяловский муниципальный район,female,0.05905,0.05627,0.057,0.0498,0.02748,0.0344,0.0625,0.0721,0.07666,0.05972,0.185,0.1123,0.0854,0.0623
1611000,2016,Завьяловский муниципальный район,male,0.0699,0.06836,0.06247,0.0546,0.0342,0.04288,0.0554,0.06824,0.0709,0.06146,0.1772,0.1112,0.07385,0.0492
1611000,2017,Завьяловский муниципальный район,female,0.05725,0.05972,0.05725,0.04767,0.03485,0.02647,0.0566,0.0719,0.07684,0.0638,0.1758,0.1131,0.08887,0.06995
1611000,2017,Завьяловский муниципальный район,male,0.06683,0.07275,0.06323,0.0543,0.04355,0.03436,0.05518,0.0666,0.0686,0.0644,0.1676,0.11273,0.0778,0.05206
1611000,2018,Завьяловский муниципальный район,female,0.05304,0.06256,0.05972,0.047,0.04327,0.0172,0.05698,0.06946,0.0767,0.06946,0.1659,0.11035,0.0965,0.0719
1611000,2018,Завьяловский муниципальный район,male,0.06305,0.07404,0.0651,0.05515,0.05145,0.03152,0.0524,0.06396,0.0704,0.06683,0.1581,0.1072,0.0859,0.05502
1611000,2019,Завьяловский муниципальный район,female,0.04984,0.06058,0.06183,0.04712,0.04657,0.014465,0.0493,0.0682,0.07935,0.0719,0.159,0.11066,0.1056,0.07574
1611000,2019,Завьяловский муниципальный район,male,0.05685,0.0747,0.06964,0.0571,0.05508,0.03134,0.04858,0.0647,0.0695,0.0705,0.1483,0.0985,0.09814,0.0571
1611000,2020,Завьяловский муниципальный район,female,0.04684,0.0611,0.06192,0.05148,0.051,0.01924,0.04022,0.06934,0.0749,0.0798,0.1525,0.1039,0.1106,0.07733
1611000,2020,Завьяловский муниципальный район,male,0.05313,0.0778,0.0699,0.0591,0.06046,0.03317,0.04346,0.05997,0.0715,0.07367,0.1399,0.0912,0.10394,0.0628
1611000,2021,Завьяловский муниципальный район,female,0.04745,0.06207,0.0627,0.05228,0.053,0.02548,0.03284,0.0653,0.0775,0.08246,0.1417,0.0922,0.1187,0.0862
1611000,2021,Завьяловский муниципальный район,male,0.05292,0.07654,0.0762,0.05835,0.06052,0.03867,0.03952,0.05746,0.0724,0.0763,0.1315,0.07983,0.1122,0.0677
1611000,2022,Завьяловский муниципальный район,female,0.0462,0.0613,0.0667,0.05618,0.05356,0.03384,0.02223,0.0598,0.0782,0.0869,0.1375,0.0812,0.12274,0.0936
1611000,2022,Завьяловский муниципальный район,male,0.0484,0.0753,0.08374,0.06042,0.05988,0.0497,0.0313,0.05676,0.0706,0.0753,0.1255,0.071,0.118,0.0741
1612000,2014,Залесовский муниципальный район,female,0.07367,0.05844,0.05576,0.04224,0.03336,0.05014,0.06433,0.07263,0.0631,0.0693,0.1852,0.1046,0.0821,0.0452
1612000,2014,Залесовский муниципальный район,male,0.07574,0.0598,0.05853,0.04572,0.04102,0.06226,0.07007,0.0675,0.0658,0.07166,0.1797,0.09625,0.0706,0.0352
1612000,2015,Залесовский муниципальный район,female,0.0757,0.0577,0.0576,0.04315,0.02985,0.046,0.0628,0.0702,0.0676,0.06226,0.1831,0.1075,0.08307,0.05362
1612000,2015,Залесовский муниципальный район,male,0.0737,0.06238,0.05923,0.04474,0.04,0.05908,0.06824,0.0634,0.0693,0.0661,0.1775,0.102,0.071,0.0433
1612000,2016,Залесовский муниципальный район,female,0.07355,0.05994,0.05655,0.0432,0.0289,0.0425,0.0588,0.0668,0.07086,0.0622,0.1799,0.1094,0.08374,0.0636
1612000,2016,Залесовский муниципальный район,male,0.0746,0.0644,0.05963,0.0458,0.04337,0.05444,0.0648,0.0647,0.07056,0.06137,0.1704,0.0982,0.0782,0.04956
1612000,2018,Залесовский муниципальный район,female,0.0632,0.0717,0.05597,0.05063,0.03876,0.02835,0.05322,0.06525,0.0737,0.06476,0.1646,0.1038,0.0956,0.07043
1612000,2018,Залесовский муниципальный район,male,0.07,0.07086,0.06042,0.05524,0.047,0.04294,0.0645,0.06793,0.06635,0.06476,0.1566,0.0957,0.08386,0.0538
1612000,2019,Залесовский муниципальный район,female,0.05927,0.07434,0.05942,0.0544,0.04202,0.02432,0.04776,0.0643,0.07477,0.06604,0.1558,0.0976,0.1032,0.07684
1612000,2019,Залесовский муниципальный район,male,0.06464,0.07544,0.0601,0.06274,0.043,0.04327,0.0614,0.06976,0.0659,0.06494,0.1494,0.09326,0.08466,0.0614
1612000,2020,Залесовский муниципальный район,female,0.053,0.078,0.06104,0.0527,0.0462,0.02408,0.04242,0.0647,0.0735,0.0721,0.1503,0.0925,0.10846,0.08105
1612000,2020,Залесовский муниципальный район,male,0.0625,0.075,0.0636,0.06464,0.0434,0.04248,0.0571,0.07007,0.06476,0.0714,0.1416,0.0869,0.0928,0.0637
1612000,2021,Залесовский муниципальный район,female,0.05005,0.0807,0.0653,0.05383,0.0455,0.02715,0.03986,0.06042,0.0736,0.0756,0.1416,0.0893,0.11176,0.0854
1612000,2021,Залесовский муниципальный район,male,0.05734,0.07745,0.0688,0.06213,0.04312,0.04855,0.05148,0.0677,0.0693,0.07294,0.1368,0.0853,0.08887,0.0702
1613000,2018,Заринский муниципальный район,female,0.05618,0.0725,0.05502,0.05032,0.04443,0.04962,0.05954,0.07056,0.0745,0.06195,0.1459,0.09235,0.0952,0.07184
1613000,2018,Заринский муниципальный район,male,0.0578,0.0697,0.0594,0.0509,0.03726,0.0532,0.0752,0.075,0.07776,0.06287,0.1443,0.09174,0.08655,0.05835
1614000,2014,Змеиногорский муниципальный район,female,0.0667,0.05743,0.05154,0.04694,0.03217,0.0617,0.0722,0.07,0.058,0.05658,0.1891,0.10956,0.0833,0.0447
1614000,2014,Змеиногорский муниципальный район,male,0.0773,0.0639,0.05676,0.0531,0.04175,0.06125,0.0812,0.07104,0.06064,0.05493,0.1715,0.10016,0.0736,0.03278
1614000,2015,Змеиногорский муниципальный район,female,0.06604,0.0595,0.05365,0.0472,0.02995,0.0569,0.0706,0.07074,0.06128,0.05328,0.1774,0.1079,0.08966,0.05582
1614000,2015,Змеиногорский муниципальный район,male,0.0765,0.06726,0.058,0.0492,0.03915,0.0618,0.07666,0.0697,0.06506,0.05176,0.1648,0.10364,0.07556,0.0409
1614000,2016,Змеиногорский муниципальный район,female,0.06555,0.06238,0.052,0.04602,0.03085,0.05103,0.069,0.0706,0.06238,0.05524,0.1666,0.10736,0.0949,0.0661
1614000,2016,Змеиногорский муниципальный район,male,0.0748,0.0733,0.05646,0.0459,0.03995,0.0628,0.0724,0.0729,0.068,0.05072,0.156,0.10126,0.0767,0.04886
1614000,2017,Змеиногорский муниципальный район,female,0.06464,0.0669,0.0527,0.04736,0.03564,0.0428,0.0678,0.0724,0.0636,0.0561,0.1556,0.1043,0.09814,0.07196
1614000,2017,Змеиногорский муниципальный район,male,0.07367,0.0787,0.0561,0.04486,0.04224,0.0611,0.0714,0.07385,0.07086,0.0512,0.1466,0.0948,0.08105,0.0536
1614000,2018,Змеиногорский муниципальный район,female,0.05975,0.07,0.05447,0.0504,0.0412,0.03387,0.0644,0.07355,0.0685,0.0567,0.1458,0.0988,0.1055,0.077
1614000,2018,Змеиногорский муниципальный район,male,0.07117,0.0795,0.0602,0.04547,0.04398,0.05692,0.07043,0.0791,0.0689,0.0563,0.1342,0.0878,0.08997,0.05597
1614000,2019,Змеиногорский муниципальный район,female,0.0568,0.0703,0.06088,0.04736,0.04642,0.02882,0.0611,0.0742,0.0716,0.05942,0.14,0.09296,0.1089,0.08124
1614000,2019,Змеиногорский муниципальный район,male,0.06445,0.0808,0.0671,0.04446,0.0451,0.05588,0.063,0.08356,0.0712,0.06027,0.126,0.08234,0.0935,0.06226
1614000,2020,Змеиногорский муниципальный район,female,0.0536,0.0708,0.06537,0.0496,0.0496,0.0275,0.05682,0.07385,0.07385,0.06476,0.1306,0.0848,0.1104,0.08856
1614000,2020,Змеиногорский муниципальный район,male,0.063,0.08215,0.0727,0.0496,0.04147,0.05478,0.065,0.079,0.0719,0.0682,0.1152,0.0727,0.09814,0.06616
1614000,2021,Змеиногорский муниципальный район,female,0.05164,0.07166,0.0695,0.0514,0.05038,0.03293,0.05005,0.07513,0.0762,0.06775,0.1213,0.07367,0.11255,0.09576
1614000,2021,Змеиногорский муниципальный район,male,0.05685,0.08057,0.08167,0.05014,0.03625,0.0593,0.0626,0.07654,0.0778,0.07294,0.10986,0.067,0.09924,0.06915
1614000,2022,Змеиногорский муниципальный район,female,0.05014,0.0698,0.07556,0.05313,0.05118,0.03992,0.04324,0.07214,0.0784,0.0697,0.11676,0.0684,0.11,0.10144
1614000,2022,Змеиногорский муниципальный район,male,0.05078,0.07965,0.0883,0.05493,0.04184,0.05826,0.05875,0.0756,0.0785,0.07635,0.10626,0.0646,0.0923,0.074
1615000,2015,Калманский муниципальный район,female,0.074,0.05777,0.05258,0.04095,0.0318,0.05026,0.0587,0.0685,0.0631,0.05655,0.1761,0.1058,0.0999,0.064
1615000,2015,Калманский муниципальный район,male,0.07355,0.05347,0.05432,0.03903,0.04617,0.08856,0.08185,0.07996,0.07324,0.05972,0.1505,0.0868,0.0712,0.0415
1615000,2017,Калманский муниципальный район,female,0.0721,0.06006,0.053,0.0452,0.03394,0.0427,0.05646,0.06256,0.0699,0.0541,0.1605,0.1023,0.101,0.0862
1615000,2017,Калманский муниципальный район,male,0.0765,0.05902,0.0552,0.0396,0.0384,0.07324,0.0789,0.0809,0.0763,0.0645,0.1399,0.08636,0.07416,0.05704
1615000,2018,Калманский муниципальный район,female,0.0647,0.0682,0.05164,0.04623,0.041,0.03543,0.0596,0.06213,0.0704,0.05753,0.1511,0.0961,0.1068,0.0892
1615000,2018,Калманский муниципальный район,male,0.0721,0.0656,0.05566,0.04428,0.0348,0.0601,0.0795,0.0781,0.0794,0.0672,0.1382,0.0856,0.0797,0.05978
1615000,2019,Калманский муниципальный район,female,0.0641,0.0681,0.05698,0.04584,0.04617,0.0323,0.05344,0.0628,0.07104,0.06232,0.1421,0.09076,0.10944,0.0946
1615000,2019,Калманский муниципальный район,male,0.06793,0.0738,0.0575,0.04752,0.03333,0.04752,0.0795,0.07904,0.07874,0.07495,0.1323,0.08136,0.0851,0.0614
1615000,2020,Калманский муниципальный район,female,0.0628,0.07104,0.05823,0.04633,0.0465,0.03134,0.05295,0.0597,0.0719,0.06714,0.1372,0.08875,0.11017,0.09595
1615000,2020,Калманский муниципальный район,male,0.0673,0.0764,0.05887,0.0491,0.03802,0.03754,0.08185,0.0771,0.0792,0.0777,0.1296,0.07806,0.0855,0.06366
1615000,2021,Калманский муниципальный район,female,0.06287,0.0727,0.0603,0.05115,0.0459,0.03084,0.04947,0.0613,0.0701,0.071,0.1318,0.08234,0.1096,0.10065
1615000,2021,Калманский муниципальный район,male,0.06494,0.079,0.06305,0.0483,0.04474,0.03137,0.08185,0.0739,0.07983,0.0809,0.1256,0.07135,0.08765,0.06744
1615000,2022,Калманский муниципальный район,female,0.0577,0.07544,0.0652,0.05197,0.04694,0.03513,0.03894,0.065,0.06555,0.0779,0.1283,0.07965,0.1092,0.1031
1615000,2022,Калманский муниципальный район,male,0.0588,0.0829,0.06616,0.0522,0.04468,0.03333,0.0731,0.0754,0.0825,0.0792,0.1255,0.07227,0.08655,0.0674
1616000,2016,Каменский муниципальный район,female,0.05582,0.05878,0.05643,0.0489,0.0579,0.05963,0.07513,0.0707,0.0709,0.05484,0.1577,0.09326,0.08167,0.05832
1616000,2016,Каменский муниципальный район,male,0.07367,0.06506,0.06177,0.04138,0.0621,0.0847,0.07635,0.06976,0.07153,0.0567,0.142,0.0858,0.0673,0.04187
1616000,2017,Каменский муниципальный район,female,0.0547,0.05798,0.0557,0.04977,0.0559,0.05743,0.07245,0.07104,0.0725,0.05682,0.1505,0.09375,0.085,0.06635
1616000,2017,Каменский муниципальный район,male,0.0703,0.068,0.06177,0.04398,0.0513,0.0884,0.07587,0.0719,0.0702,0.06024,0.1362,0.0845,0.0692,0.04807
1616000,2018,Каменский муниципальный район,female,0.05167,0.0586,0.05737,0.05273,0.05255,0.05664,0.0706,0.0708,0.0749,0.05862,0.1437,0.09076,0.08984,0.07117
1616000,2018,Каменский муниципальный район,male,0.0658,0.0708,0.06354,0.04263,0.04333,0.0913,0.079,0.07104,0.07074,0.06354,0.1311,0.08374,0.071,0.05252
1616000,2019,Каменский муниципальный район,female,0.04877,0.05896,0.05777,0.0578,0.05002,0.05835,0.06616,0.0733,0.0746,0.06305,0.1357,0.0877,0.09314,0.0746
1616000,2019,Каменский муниципальный район,male,0.0607,0.07385,0.0662,0.04517,0.03516,0.09265,0.08246,0.0737,0.07135,0.0659,0.12415,0.07916,0.0745,0.05487
1616000,2020,Каменский муниципальный район,female,0.04556,0.05804,0.06046,0.06042,0.04987,0.05972,0.06104,0.0762,0.074,0.06744,0.13,0.0847,0.09534,0.0773
1616000,2020,Каменский муниципальный район,male,0.05347,0.0761,0.0689,0.05673,0.02757,0.0888,0.08527,0.0747,0.073,0.0679,0.11786,0.07355,0.0799,0.05627
1616000,2021,Каменский муниципальный район,female,0.0422,0.05844,0.06213,0.0614,0.05045,0.0615,0.05844,0.0766,0.0746,0.0736,0.1254,0.0796,0.0953,0.0804
1616000,2021,Каменский муниципальный район,male,0.04944,0.0782,0.06976,0.0665,0.02298,0.08075,0.09033,0.0777,0.0721,0.0719,0.112,0.0668,0.0832,0.05838
1616000,2022,Каменский муниципальный район,female,0.0389,0.05896,0.0637,0.06235,0.05484,0.06128,0.0581,0.0755,0.07635,0.0775,0.11884,0.073,0.097,0.08374
1616000,2022,Каменский муниципальный район,male,0.04742,0.076,0.0762,0.0675,0.02922,0.06836,0.0966,0.0769,0.0752,0.07043,0.10986,0.0634,0.08246,0.06052
1617000,2014,Ключевский муниципальный район,female,0.0742,0.05582,0.0557,0.05045,0.03647,0.0642,0.07526,0.0728,0.0699,0.06573,0.1713,0.095,0.07227,0.0409
1617000,2014,Ключевский муниципальный район,male,0.0766,0.06793,0.0643,0.0551,0.04028,0.07117,0.0823,0.0756,0.0649,0.06934,0.1547,0.08215,0.066,0.02977
1617000,2015,Ключевский муниципальный район,female,0.07074,0.05957,0.0547,0.0475,0.03763,0.05853,0.0728,0.07086,0.072,0.0646,0.1719,0.09686,0.0718,0.05063
1617000,2015,Ключевский муниципальный район,male,0.07904,0.06775,0.0646,0.0544,0.04013,0.0665,0.07654,0.0748,0.068,0.0636,0.1548,0.0849,0.067,0.03778
1617000,2016,Ключевский муниципальный район,female,0.0646,0.06415,0.05502,0.04745,0.03812,0.05493,0.0698,0.07184,0.071,0.06354,0.165,0.0999,0.07605,0.05853
1617000,2016,Ключевский муниципальный район,male,0.07733,0.0694,0.06494,0.0543,0.04254,0.0597,0.0728,0.0739,0.0712,0.06116,0.1521,0.0869,0.06775,0.04596
1617000,2017,Ключевский муниципальный район,female,0.06015,0.0689,0.0541,0.04855,0.03806,0.05032,0.0625,0.07587,0.0716,0.06097,0.1627,0.10175,0.08014,0.0644
1617000,2017,Ключевский муниципальный район,male,0.0732,0.0702,0.0665,0.05338,0.04953,0.0493,0.0696,0.0759,0.0734,0.0623,0.1493,0.0882,0.06824,0.0509
1617000,2018,Ключевский муниципальный район,female,0.05203,0.0707,0.05917,0.04974,0.0432,0.03983,0.06015,0.07733,0.07153,0.0661,0.1597,0.09827,0.08496,0.0673
1617000,2018,Ключевский муниципальный район,male,0.06537,0.0712,0.06995,0.0552,0.05066,0.04327,0.0698,0.0758,0.07526,0.06055,0.147,0.0867,0.0717,0.0575
1617000,2019,Ключевский муниципальный район,female,0.04788,0.0729,0.0579,0.05072,0.0501,0.03105,0.05927,0.0741,0.0724,0.0725,0.1508,0.0961,0.09454,0.06976
1617000,2019,Ключевский муниципальный район,male,0.0616,0.0739,0.0694,0.05762,0.05167,0.03876,0.0641,0.0789,0.0739,0.06384,0.1437,0.088,0.0774,0.05722
1617000,2020,Ключевский муниципальный район,female,0.0446,0.0731,0.0632,0.0493,0.0494,0.03275,0.0545,0.0735,0.0727,0.07715,0.1466,0.0918,0.1009,0.07056
1617000,2020,Ключевский муниципальный район,male,0.05084,0.0785,0.0695,0.05734,0.0552,0.04037,0.06104,0.07574,0.07465,0.069,0.1394,0.0855,0.0821,0.06076
1617000,2021,Ключевский муниципальный район,female,0.04227,0.06866,0.06903,0.0526,0.05316,0.0319,0.04922,0.0737,0.07623,0.07544,0.1378,0.08624,0.1068,0.0769
1617000,2021,Ключевский муниципальный район,male,0.04547,0.0775,0.0741,0.05756,0.06094,0.04126,0.05594,0.0733,0.07654,0.07477,0.1332,0.0812,0.08496,0.06323
1617000,2022,Ключевский муниципальный район,female,0.04123,0.0645,0.0757,0.05206,0.05533,0.03568,0.0461,0.06537,0.08105,0.0765,0.1344,0.0807,0.1089,0.0826
1617000,2022,Ключевский муниципальный район,male,0.04572,0.07574,0.07544,0.06186,0.06058,0.05148,0.04388,0.0725,0.079,0.07574,0.1296,0.0794,0.08527,0.06384
1618000,2014,Косихинский муниципальный район,female,0.0701,0.0519,0.05814,0.04416,0.03075,0.0542,0.0632,0.06076,0.0708,0.0628,0.1886,0.10614,0.0896,0.04892
1618000,2014,Косихинский муниципальный район,male,0.0806,0.0587,0.05908,0.0513,0.03687,0.0685,0.06885,0.0692,0.06232,0.0641,0.1758,0.0974,0.06885,0.03836
1618000,2016,Косихинский муниципальный район,female,0.07745,0.0576,0.05496,0.04684,0.03012,0.0429,0.05737,0.05927,0.06964,0.0577,0.1749,0.10565,0.0962,0.06934
1618000,2016,Косихинский муниципальный район,male,0.0805,0.06122,0.0654,0.04626,0.04285,0.0535,0.06464,0.06946,0.06287,0.05832,0.1686,0.10333,0.07324,0.0498
1618000,2017,Косихинский муниципальный район,female,0.0774,0.06058,0.0536,0.0501,0.0333,0.0357,0.0554,0.05948,0.0685,0.06152,0.1656,0.1053,0.09735,0.0762
1618000,2017,Косихинский муниципальный район,male,0.0788,0.06744,0.06067,0.05148,0.0459,0.04807,0.0642,0.0673,0.06616,0.05658,0.1619,0.10236,0.0732,0.0561
1618000,2018,Косихинский муниципальный район,female,0.0714,0.0654,0.0561,0.05203,0.03915,0.02798,0.05338,0.06125,0.06494,0.0663,0.1566,0.1021,0.1005,0.08295
1618000,2018,Косихинский муниципальный район,male,0.07587,0.07404,0.05862,0.05444,0.04858,0.04034,0.06714,0.0644,0.0675,0.06058,0.1537,0.09753,0.0816,0.05563
1618000,2019,Косихинский муниципальный район,female,0.0682,0.0707,0.05307,0.05563,0.04675,0.02155,0.047,0.0617,0.0649,0.0715,0.1481,0.0967,0.10645,0.08795
1618000,2019,Косихинский муниципальный район,male,0.07007,0.0798,0.0575,0.05615,0.0512,0.03726,0.0657,0.0639,0.0681,0.06247,0.1449,0.0948,0.091,0.05722
1618000,2020,Косихинский муниципальный район,female,0.0647,0.076,0.05655,0.05823,0.0468,0.02089,0.03775,0.06174,0.06354,0.0755,0.1426,0.09406,0.1087,0.093
1618000,2020,Косихинский муниципальный район,male,0.0677,0.08295,0.06046,0.0592,0.04935,0.04196,0.05948,0.06525,0.06964,0.064,0.1356,0.08746,0.09607,0.06085
1618000,2021,Косихинский муниципальный район,female,0.0605,0.082,0.06076,0.0562,0.05365,0.02481,0.03595,0.057,0.06396,0.07367,0.1348,0.08746,0.1108,0.09845
1618000,2021,Косихинский муниципальный район,male,0.0669,0.0823,0.06433,0.0621,0.04898,0.04672,0.0535,0.06506,0.06885,0.0662,0.1292,0.08014,0.1002,0.0655
1618000,2022,Косихинский муниципальный район,female,0.0593,0.0815,0.06714,0.05582,0.0562,0.02805,0.02945,0.0554,0.06476,0.0753,0.132,0.07935,0.1136,0.10223
1618000,2022,Косихинский муниципальный район,male,0.0644,0.08185,0.07587,0.05988,0.05408,0.04883,0.04593,0.06683,0.0666,0.06934,0.1254,0.0776,0.09766,0.06586
1619000,2014,Красногорский муниципальный район,female,0.0746,0.06433,0.05554,0.04288,0.02968,0.06177,0.0648,0.0732,0.0679,0.0567,0.1694,0.1002,0.08856,0.05048
1619000,2014,Красногорский муниципальный район,male,0.07715,0.0808,0.05814,0.0475,0.0319,0.05984,0.06586,0.0706,0.0665,0.05957,0.1753,0.1001,0.06995,0.03674
1619000,2015,Красногорский муниципальный район,female,0.0712,0.0664,0.0585,0.04092,0.02893,0.05444,0.0669,0.0683,0.07,0.05826,0.1636,0.1007,0.089,0.06287
1619000,2015,Красногорский муниципальный район,male,0.0745,0.08276,0.06354,0.04877,0.02817,0.05487,0.0658,0.06885,0.0695,0.0562,0.168,0.1022,0.07214,0.04465
1619000,2016,Красногорский муниципальный район,female,0.0663,0.07104,0.0584,0.04303,0.03062,0.04575,0.0695,0.06757,0.0693,0.05917,0.1571,0.0996,0.0898,0.0729
1619000,2016,Красногорский муниципальный район,male,0.0736,0.0823,0.0679,0.0476,0.03107,0.04962,0.0644,0.06854,0.0709,0.05576,0.1595,0.0975,0.08026,0.0511
1619000,2017,Красногорский муниципальный район,female,0.0629,0.07684,0.05862,0.04507,0.03555,0.03738,0.06525,0.0684,0.06934,0.0633,0.1495,0.0973,0.09094,0.07947
1619000,2017,Красногорский муниципальный район,male,0.0673,0.086,0.07196,0.04868,0.0357,0.042,0.06775,0.0616,0.0748,0.0578,0.1516,0.0947,0.0853,0.05453
